# number nodes: 4232
# number links: 8013
# hub: Haethrow Airport (LHR)
# Date/Time: 28.11.2018/08:00
3639	732
1385	2531
2531	1385
2123	745
3378	745
2347	2791
414	2478
3959	2162
2085	1166
2085	521
460	3959
1418	3579
209	575
1994	209
3735	2478
209	1225
209	4212
3735	2443
209	1994
209	1166
209	3756
209	521
209	2478
84	209
209	3162
209	526
209	4019
209	2357
209	2104
209	3115
209	3959
209	1364
1737	209
209	2443
209	3735
209	2809
710	988
3272	988
2588	988
476	988
2724	988
3378	988
988	2103
2123	988
988	296
988	113
988	3162
988	2104
988	2101
988	4212
988	2809
988	2214
988	1017
2104	988
988	507
988	2478
988	2022
988	1166
988	521
988	1248
988	3959
988	2198
988	391
988	1225
988	2176
988	1004
988	2356
988	2104
988	2101
823	2104
21	2945
2347	2445
2588	2445
1542	2445
2866	2445
2123	2445
3390	2445
2445	3123
9	2445
3779	2445
285	2445
2445	2883
1448	2445
2445	2176
2445	3707
1878	2445
2445	2656
1321	2445
352	2445
2445	285
3773	2445
1381	2445
3405	2445
2657	2445
2445	2357
2445	1556
2445	92
1771	2445
3985	2445
2445	3923
2445	2478
2445	296
1542	2445
2445	1542
2445	2104
986	2445
2445	3556
2883	2445
1004	2445
2445	2198
2445	3235
3707	2445
2445	3162
2445	2705
2445	1004
2445	390
2445	116
2445	3950
2445	2541
2445	4149
2445	528
2445	2194
2445	427
285	2445
2445	2162
2445	1317
2445	1166
2445	87
2445	985
2445	2809
2445	3707
2445	2983
2445	4183
2445	3601
2445	3972
2445	4019
2445	3988
2445	2370
2445	3877
2445	3545
2445	460
2445	209
2445	2357
2445	2614
2445	2085
2445	2656
2445	521
2445	113
2445	2481
3545	2445
1741	2445
2445	526
2445	4149
2445	3162
2445	200
2445	3649
2614	2445
2445	202
2445	3352
2445	3579
2445	3452
2445	1556
3488	2445
1877	2445
3250	2445
2445	1741
2445	2605
2445	3700
2445	3488
2445	3488
2445	3489
2445	3545
2445	3177
2445	3170
686	2445
2445	362
3352	2445
2445	3250
2445	4212
2445	3405
2445	390
2445	1364
4152	2445
2076	2445
4149	2445
2445	3612
3877	2445
2445	305
1674	2445
2445	2809
2445	3735
2176	530
530	3162
530	2347
530	2176
530	3026
3132	529
3133	529
3405	2028
2028	2588
2028	985
2028	256
2028	285
2028	3405
376	2028
113	2345
2809	2345
2104	2345
2345	2809
2345	3342
2345	710
2345	2176
3390	2345
3329	2345
2345	3933
530	2345
2419	2345
2313	2345
476	2345
2345	3747
2345	2104
2345	113
3791	2345
2345	2809
2345	2062
3773	2345
2345	2588
2062	2345
2588	2345
2345	3773
2345	3061
2966	2345
455	2345
3207	1318
3378	2345
3272	2345
2345	3791
2345	455
2344	2345
2345	2419
2345	3333
2966	2345
2345	717
3431	3053
2347	1323
3822	377
597	2811
2811	86
2811	810
2265	2713
2316	86
985	86
86	2809
2811	86
2713	2811
2265	729
810	2265
135	2265
815	3494
2445	3410
942	3410
3410	111
1729	3410
942	3410
727	3410
3410	13
3410	2511
2355	627
1653	3410
32	815
3410	1558
2473	3410
627	2417
2262	2417
64	3410
3233	3410
3141	3410
3410	4135
1115	2103
1916	3410
1598	3410
92	3545
92	267
200	92
2445	92
92	3693
3545	200
54	221
92	200
144	3223
1006	3223
3707	3123
3649	113
3123	521
3123	2809
3123	3959
3123	113
3123	296
3972	113
3123	2198
3123	2357
3972	3649
3563	3649
3123	521
3649	3972
3773	558
3638	558
901	558
1698	558
866	3346
3960	558
558	3773
1600	3389
1600	558
1180	866
558	1180
558	3389
1180	558
558	2731
363	1485
3491	1916
2419	3405
3791	3390
2475	3791
920	3791
3933	3405
3933	1448
3933	3773
3791	3707
3791	3162
3342	3791
2419	521
584	1166
2322	3933
3791	3329
920	3933
2419	2104
2419	2809
3791	2104
584	2104
2419	1225
506	3933
3791	2478
3791	988
3791	815
3791	2809
3933	2104
3791	985
3611	3933
3791	920
3933	1660
3791	1166
3791	2176
118	352
2746	2104
3791	3933
3791	2104
3791	3342
3933	3269
3933	3269
3933	4066
2123	3791
584	3104
3933	1158
3933	3791
3272	3791
3933	3104
3933	2419
1018	3791
584	3791
3791	296
3933	1451
1998	2419
1190	1469
4116	1617
2590	352
2419	352
4022	352
2588	352
2123	352
3272	352
3611	3405
688	1719
2047	285
3415	1900
3743	3335
3405	1166
352	2123
688	1729
3335	352
2059	352
2509	352
352	3335
874	1448
352	2104
1448	352
3415	688
3405	688
3390	688
2731	352
3416	352
2533	352
1385	732
352	732
352	688
3346	352
3638	352
3772	352
1352	3743
1987	53
4203	3743
3405	732
352	2377
688	352
661	688
4175	3902
4203	4158
1611	688
352	1448
1448	3743
1385	688
3743	3416
4141	688
352	2809
1321	688
352	3162
1321	352
352	2588
688	2531
352	2445
3773	3405
1321	906
688	1378
1464	352
352	285
732	352
2506	3405
661	3405
352	688
352	4046
2531	352
688	352
3404	352
352	2531
1180	874
352	732
3416	352
3387	3405
688	3416
1330	4118
1352	732
352	3390
4137	1900
352	1378
352	1166
688	352
3773	352
1321	1440
3335	352
1448	352
352	1330
901	688
3743	663
3390	352
688	285
732	1321
4109	352
2731	874
4109	1321
352	3404
4109	2168
352	4116
688	1321
352	1352
3405	3773
3422	873
2155	1321
3416	1378
2731	3405
3390	4046
688	352
3743	1330
4046	1987
352	2104
2350	352
3390	732
352	1321
3743	887
1479	352
3416	906
732	352
352	661
352	4154
688	663
3743	3404
732	2045
4046	3638
1180	3405
352	3902
2601	732
352	3416
732	4118
3404	352
1630	352
352	1330
1900	4210
352	732
1330	4046
1321	3902
1378	352
3409	4199
4158	688
352	688
3405	688
352	1321
688	1321
352	2123
732	3638
3638	3405
352	3335
4109	3415
352	2535
3405	1900
688	352
1611	352
2080	732
3881	352
3416	352
906	4203
3335	352
4175	352
352	3416
225	352
732	1448
1378	285
352	1378
2045	688
352	4116
3743	1900
2797	688
1900	1378
3743	1321
1385	352
710	352
3405	1166
3405	113
321	2811
48	2811
48	2605
3346	3772
3346	1836
2506	3346
3772	3346
3346	3772
3772	1910
2478	3853
1166	1124
2478	460
2478	2357
2478	3579
2176	3342
2176	3311
2176	2062
2176	530
205	2176
2176	205
2176	3061
3094	2176
3247	2176
3333	2176
2347	2176
455	2176
3026	2176
1399	2176
2176	3162
2176	113
2176	1166
2176	3944
2176	3713
2176	2478
2176	1279
2176	1004
2811	2176
2176	2811
2176	296
2176	521
2176	2103
2176	2357
2781	2176
1279	1177
3713	2176
3713	414
2176	2781
2176	4212
296	2781
1279	2176
3329	2809
2809	3454
2809	2952
3933	2809
2809	3342
2809	3772
2809	352
2809	3130
2809	3405
2809	1448
2809	3329
2809	1630
2809	530
2809	1321
3272	2809
3791	2809
3342	2809
2445	2809
2123	2809
3130	2809
3390	2809
603	2809
214	2809
2731	2809
2270	2811
2588	2809
2345	2809
3773	2809
2791	2809
1399	2809
1432	2809
2588	2809
936	2809
3405	2809
2445	2809
285	2809
4152	2809
3772	2809
4019	2809
2809	3849
460	2809
2809	2176
3223	2811
3063	2809
3800	2809
455	2809
2809	2745
2809	627
1017	2809
2605	2809
2811	3800
2478	2809
2809	1364
2809	2214
2265	2811
2809	3959
2104	2809
988	2809
2265	2809
2809	2983
2605	2811
2265	2811
2809	2478
3800	2811
2417	2811
2809	3800
2809	3944
2809	2356
2809	4212
2104	2809
469	2265
2811	2605
469	2811
2809	460
2809	3162
627	2809
2162	469
2162	2534
2809	469
2605	2811
2162	2605
2809	113
2811	2265
113	2809
3800	2811
3743	1329
1352	3672
1329	4126
3639	1329
1329	4141
3112	57
3112	1021
2590	2475
2588	920
710	920
920	2588
2475	2590
920	710
920	4022
920	3272
2475	2104
41	2104
3611	920
3773	920
3141	2475
770	985
2475	1166
3390	1448
376	1845
770	920
2202	376
689	1845
405	376
920	3449
920	3082
1516	1845
3977	920
3024	660
2475	405
920	1217
920	1252
1491	3759
1873	985
3074	3977
1340	1845
920	2140
689	3454
1491	405
2218	2475
1627	2475
920	689
1845	47
920	1584
4137	1217
1873	256
1873	3087
1873	881
1873	3410
3454	3758
1873	967
985	112
2483	3823
3410	3937
376	3454
256	1916
2483	770
2588	2357
1399	2357
867	2357
2357	2775
4137	1409
3729	4137
2670	1409
4137	2217
3563	1707
1637	3563
3743	2168
2731	2168
352	2168
1180	2168
2168	1378
2168	3639
3390	2168
3773	2168
3404	2168
2168	352
2168	3041
2150	1364
2150	3959
2150	3162
2150	2104
2952	1002
2952	1630
723	1166
4090	1630
612	4010
225	3773
225	3454
225	2731
2123	2104
2799	225
225	2322
3272	225
2123	225
225	2322
28	225
3611	225
225	3050
225	733
4042	997
997	4042
4042	3751
225	2123
4042	225
997	733
2565	225
4042	2585
3611	225
733	3698
733	997
2123	225
3050	225
225	2585
733	225
225	1464
225	3272
225	530
225	3181
2322	4042
2540	225
225	1761
225	2565
733	4042
225	997
2585	225
225	3933
225	733
2784	225
4042	733
2954	3454
2954	1448
2455	2954
2954	2223
1269	2954
2954	1946
21	1951
2467	3985
3390	2509
3390	3641
3956	1630
2123	2799
2799	2123
3791	2103
2419	2809
90	3207
2709	90
2347	455
3378	4093
2709	877
2959	3611
3198	1068
924	284
3758	1884
3390	2223
1448	1884
284	1587
1884	924
2168	1865
1884	1381
376	3449
1884	2533
1884	3699
1448	1884
2223	1884
3416	1865
1884	700
1865	2845
1698	1884
700	2883
1884	1448
4109	284
865	1884
1884	1900
1865	1884
1884	2223
1884	2191
1900	284
2845	1865
924	3454
1865	1884
663	700
1884	3297
1587	2845
284	3808
1884	1587
3082	376
1632	3699
284	3454
2223	1510
283	924
284	2883
1432	1884
1884	518
1611	284
2845	284
2168	284
284	2311
700	284
1884	284
700	1381
1584	1491
924	1884
284	1884
284	700
2311	4162
2845	1884
2883	284
284	2845
3346	2506
1865	3454
924	2856
2533	3092
2223	640
2217	284
1395	284
283	1884
2883	1884
924	4162
3092	700
284	2883
865	284
3445	1884
1378	700
1587	284
3454	3385
920	3082
1889	1884
701	284
1884	3454
1874	284
3523	920
1884	1889
2882	1884
284	2168
284	1395
4162	1587
376	770
1432	2845
1889	1632
3600	700
3297	1865
1865	1378
1395	284
1587	4162
3876	3092
572	2223
3600	284
924	1587
3454	1884
1884	1432
1510	125
700	284
920	3449
1884	1587
2379	1889
2875	1884
284	2883
920	1252
1587	3454
284	2133
284	701
284	549
2202	284
1516	920
376	405
420	1889
1632	1884
2883	3876
1340	920
660	376
1884	1865
1865	1889
1874	1884
95	1632
3960	284
3454	284
3773	924
2322	1884
3346	284
3346	1884
1884	3611
558	1884
3611	1884
3390	284
1884	2322
284	3773
1884	3597
924	1884
225	1256
3597	1884
1884	3597
284	2731
3390	1884
3638	1884
1884	3772
2506	284
1884	2731
1884	3390
1549	2316
2473	985
1598	1549
2862	985
1432	2445
3405	2445
2445	3390
4199	2445
3405	2443
528	2445
3800	3220
3773	2652
3248	226
3248	2764
1630	2563
2891	1630
926	3514
3803	891
2224	891
363	815
363	2809
363	4212
363	391
363	521
363	2085
363	3959
363	4183
2445	363
640	1034
650	1034
1079	3068
733	225
2966	1660
274	3272
2590	3272
3378	2058
3378	1850
3378	1660
1451	2123
3378	1451
710	3378
2058	2674
1660	2123
1660	3272
3378	1096
1850	2674
3378	118
2123	274
1451	3272
3272	476
2123	2588
3378	3272
2966	2588
3378	476
3378	2709
2123	2590
3378	2588
3378	118
3378	3207
1998	2588
1998	3272
3378	3106
2123	2966
3272	2871
3378	2123
118	1650
3378	118
3272	3378
3272	2590
3378	456
118	3378
3378	2966
3378	1675
3272	2588
3378	4043
1096	118
3378	877
2966	3378
2123	3272
3378	3517
2123	3378
3378	118
118	1650
3378	3023
2123	2588
3756	1124
3162	3130
3162	530
3162	3342
3342	3162
2347	3162
2588	2357
2588	3162
3773	2357
1399	3162
3773	3162
3390	3162
2345	3162
2356	521
2356	3162
3162	2356
2775	3162
2356	2101
2104	2356
2811	2356
2356	3162
2356	3162
639	3944
2356	3162
573	3162
2356	639
3162	2176
2101	2356
3162	639
3162	2356
3162	2809
3162	3944
3819	2356
3162	363
3162	1226
3707	3162
3162	209
2104	3162
2356	3162
573	2356
3162	3853
3162	4019
3162	573
1225	2356
3162	2775
2356	3103
2356	1004
3162	113
2356	3162
2356	2541
2356	2811
2123	3773
710	3772
2588	3772
1451	3772
3933	3772
3772	2588
3772	710
3772	1587
3773	4022
3773	2875
3773	4137
3773	1464
3772	3454
3772	285
3773	521
3773	1004
3772	1166
3773	2475
3772	2809
3772	2104
3454	3772
3772	2478
285	3772
285	3773
3773	3405
2509	3346
3346	2730
3346	1180
2509	3387
2509	3772
3772	2509
3743	3773
2514	3772
3636	3772
3405	3773
3772	1897
2509	3641
874	3773
3041	3773
3404	3772
874	2731
3772	1180
2509	1180
1547	2506
3772	2292
3041	2731
3772	3870
3346	2506
1180	2509
1884	3772
2385	2506
2509	1897
1448	3772
1448	2506
2731	2509
3346	3772
1180	3772
3771	3772
1547	3772
2509	3772
3772	2686
2509	2505
3772	2283
3772	1180
3772	1348
3772	2509
352	2731
3772	1824
2506	1180
3772	3389
2385	3772
3772	3231
2730	3346
3772	2730
2730	2386
1321	3772
2509	1431
50	3772
1431	3772
2730	3772
2386	3772
2686	2730
3211	3772
2345	3773
4118	3773
2223	3772
3641	3772
3772	3346
3772	3211
1448	3773
3772	1180
3772	1838
3804	3772
3346	1181
1180	3772
3772	2505
2731	3405
3346	50
3346	3772
352	3772
2292	2730
1491	3024
920	944
3964	3977
1894	920
3425	1491
2856	1709
2856	3709
506	1053
2699	28
2856	301
2699	28
1246	506
3151	506
2856	2035
88	891
2880	3803
256	1598
2868	2656
877	3773
530	877
877	3405
877	1448
710	3773
2879	710
2588	2104
675	1166
2347	3272
877	2176
2879	710
4022	2123
2347	2809
2415	2347
675	2104
2347	710
2871	2478
2347	530
877	2104
3078	2104
3611	2123
3329	2347
530	2347
2871	2104
877	2809
2347	3342
2347	530
877	3342
3130	2347
877	530
3342	877
2588	3272
710	2809
2871	2104
3329	877
2347	3378
3342	2347
3272	710
2871	3078
530	2588
3342	2123
490	2347
2347	2104
877	3329
710	3272
2871	988
225	2123
3773	877
530	2347
675	3272
2123	2104
2871	2214
675	2104
710	3207
2879	710
3342	2588
2347	710
2879	1695
2347	1998
2588	3130
877	2104
2588	2123
2588	530
2123	1451
2123	2104
3342	2347
877	3272
2588	2104
2550	2123
675	3836
2123	476
2588	3342
877	3378
2347	2415
2347	3329
2347	3311
2347	3342
877	2709
2347	3130
675	710
2123	2588
877	3272
877	2123
710	2104
2347	490
877	2062
877	1998
1451	877
877	1174
2123	3078
2123	4093
710	3244
2123	2871
455	877
2123	2347
3244	710
2123	4022
1230	2347
2347	2123
3269	2347
2123	2966
3378	2871
2879	2871
2123	2588
2123	2347
455	2347
2213	2347
2123	1998
2123	1520
2123	675
3272	2588
3272	2347
3378	2347
652	2899
928	2347
3272	2871
2123	2550
710	4064
2123	3611
710	2104
2062	877
2123	3106
3061	2347
1998	2347
2879	675
2123	3272
710	791
3269	2871
2123	710
2123	214
2123	877
3207	2123
2123	3537
2123	2347
2123	225
3644	2656
3874	1542
3707	285
3707	1022
2588	3390
2123	3390
3378	3390
3611	3390
3390	3944
3390	2443
3390	2588
3390	1166
3390	2809
2223	3390
732	3390
558	352
1432	3390
1448	3390
3773	3390
3390	3638
1771	3390
3389	1344
3390	2104
1448	3390
710	3390
1381	3390
3390	2123
3389	1600
3416	3390
3390	352
1600	3389
3390	2506
3389	3772
1385	3390
3389	1600
2531	3390
1600	3389
3389	3404
3390	3773
2123	3390
558	3390
1378	3390
3272	3390
3870	3390
803	277
1807	2051
1378	2054
1448	985
2054	985
1731	3753
2054	1615
3105	3395
2162	3849
3982	2076
3972	3123
1079	2809
1011	2357
2355	4183
710	2150
3704	42
2739	815
4216	4217
274	3080
118	1334
4218	118
2588	2153
3329	2347
4219	3080
2709	1451
4112	118
4220	274
2347	455
2709	675
2879	745
2347	4191
274	2374
710	877
1448	118
3405	118
2879	711
118	710
1451	2709
1448	3390
274	2347
1556	3867
1556	143
1556	1066
3563	2446
1328	2214
1328	2103
2866	1771
3985	1771
4178	1771
3959	285
3791	3959
2588	3959
612	3959
3707	3959
3489	3959
526	3959
3959	2357
815	3959
2995	3959
2104	3959
3959	113
3959	2809
3959	1166
3959	2104
2357	3959
3959	526
3563	3959
3959	1004
3959	4212
3959	815
4212	3959
113	3959
3959	1225
3579	3959
1225	3959
3959	785
3959	3489
3959	1364
1364	3959
4212	497
3959	521
3348	3959
1166	3959
3959	1166
363	3959
528	3959
1875	3959
1166	1290
1526	3959
3248	3959
2983	3959
2028	3959
3959	318
1831	3959
3579	4212
3800	2534
2478	455
2104	455
455	296
455	2588
2062	2969
455	2176
3342	2347
455	3342
455	2415
3329	455
2123	455
2062	3342
455	2104
455	3329
455	530
2588	455
2313	2588
585	2176
455	2478
623	2588
2893	3342
358	3342
455	3130
2169	3342
3094	3342
2893	3130
2345	455
2552	3342
2588	1323
585	3258
1626	3130
2062	455
710	1323
2123	3292
2176	455
2123	1323
3342	1641
855	3342
598	3342
1255	3342
2969	3342
455	2347
455	2347
1884	2168
2028	2445
267	3545
267	1790
267	1556
267	985
267	132
267	2443
267	2515
2446	267
1877	3545
3177	4152
1692	1951
2076	2929
2724	370
2724	597
597	2076
597	1146
3094	597
2169	597
3094	370
855	3342
2213	597
1164	859
855	1255
3342	2969
3338	597
629	859
3984	3131
3545	2883
2882	2446
3545	3936
3985	3092
2443	3026
2446	986
1252	2446
2601	2656
3092	112
2883	3779
2601	1878
2883	4149
313	1011
313	1107
1841	1448
1841	3454
2133	285
865	285
285	2875
1841	285
2202	285
700	285
2882	285
285	701
700	2883
1381	700
1841	285
285	2883
1970	285
924	2856
2191	1587
2311	1586
2191	1586
3499	3597
1589	1587
1587	2210
1904	1586
1587	2839
1942	3597
1587	3597
1586	3597
1586	4162
1586	2839
1942	1587
3251	1587
3597	924
2763	1587
3721	1587
3597	1587
2210	1587
3251	2191
924	1587
1587	2311
2774	1586
2191	1754
3758	1884
924	1884
924	1884
1352	1884
1884	1941
1884	1889
1884	1865
1884	1432
2197	2845
3638	1884
942	1884
1632	1885
1884	2845
1448	1884
1587	1884
95	1885
2856	1884
1980	1885
1864	1885
3597	1587
200	3433
2377	2809
2377	522
2377	3563
2377	2103
2377	1674
2377	3162
3545	2377
1788	2377
3836	2129
881	1598
1845	285
3141	942
942	2104
942	285
3713	1986
1986	1279
3713	1177
1279	1930
3713	1930
1184	2971
3713	1279
526	785
1994	2106
526	3563
246	2083
526	815
4019	1004
4019	113
1493	2106
3853	2809
2083	3162
526	2809
526	764
3853	639
526	2106
526	1493
1604	1328
988	1747
815	3555
671	3681
671	1092
2176	769
3311	2176
2744	3564
2204	3564
1361	3564
3888	3564
2204	3564
1273	3564
3564	2204
3979	3564
3564	1273
3564	3979
1273	3593
1273	3564
2104	3342
2104	3454
1630	2104
3329	2104
612	2104
2104	1448
2104	1630
2104	612
2104	3329
2104	3454
2104	530
3272	2104
2123	2104
3661	2103
928	2104
503	2103
3962	2103
2588	2104
3275	2103
2550	2104
3130	2104
3026	2103
234	2104
376	2104
476	2104
274	2104
3390	2104
1491	2104
2419	2104
575	2104
2588	2104
3772	2104
214	2104
2123	2104
476	2104
2584	2104
2871	2104
3378	2104
710	2104
2590	2104
2588	2103
2347	2104
3405	2104
4022	2104
3274	2104
2879	2104
3269	2104
3791	2104
3272	2104
2347	2104
2588	2104
352	2104
3707	2104
1998	2104
285	2104
3933	2104
3611	3454
1630	2104
3773	2104
2123	2104
1916	2104
1598	2104
1415	2104
2983	2104
2356	2101
2357	2104
920	2104
318	2104
3563	2104
985	2104
391	2104
1630	2944
11	2104
209	2104
2739	2104
113	2104
2356	2104
2104	1248
2104	2176
1166	2104
1225	2104
2103	3853
528	2104
1017	2101
391	2101
4212	2104
521	2104
355	2104
1248	2104
417	2214
1248	2101
2809	2104
2104	521
2101	1225
2104	1225
1002	1630
2104	1364
1604	2103
1248	2103
1273	2104
2478	2104
1166	2101
2101	988
2104	1004
2101	1017
2104	2478
2101	2356
2104	11
1630	1002
359	2104
815	2104
460	2104
4212	2101
296	2104
988	2101
2605	2104
2162	2104
2104	4212
3800	2104
2101	4212
2104	815
3959	2104
2104	2214
988	2104
2104	391
1017	2104
2104	1166
2104	2076
1556	2104
2104	2983
2101	113
2103	296
4	2739
2103	1248
5	1273
2103	2198
3162	2104
2104	3563
2104	3162
1248	2101
2104	417
2103	1604
2101	3182
2104	2176
1017	2101
2103	1017
3707	521
3162	521
2265	521
2739	521
4019	521
2176	521
3944	521
3800	521
521	3959
2356	521
3564	521
815	521
1017	521
1273	521
521	3714
2162	521
2214	521
521	3162
2104	521
1225	521
391	521
2920	1729
1729	2920
3489	113
3489	2809
2168	2875
2875	3633
2168	3445
4199	3444
1321	2875
3444	1432
1279	1986
2187	2781
2322	3041
3335	1378
3743	3335
2072	2059
3041	2526
4116	1385
352	4124
3335	1615
3041	688
2533	3041
1190	3415
1408	1329
2059	4109
3422	3335
1352	3639
2059	2072
1987	1900
661	3422
3639	661
1378	1061
1352	2319
1352	2533
1900	2531
663	1385
2059	4199
3902	4199
1330	4155
1378	3041
4109	3415
2533	1352
1440	1408
1408	4118
1618	2059
3422	3335
1378	2059
3933	745
1371	745
584	1371
2418	1371
1371	4094
1371	3104
1371	4094
4094	2418
1371	2403
4094	1371
2445	710
1166	214
2153	3773
2357	986
3405	2153
710	2153
2656	2153
986	1448
2153	1916
3791	2153
1448	528
2511	113
277	980
3791	2955
2955	2588
2588	2955
2588	1803
3704	42
1371	760
1448	558
352	1448
2875	1448
2845	1448
1448	732
1448	1884
1884	1448
1448	352
3404	1448
1448	3405
3405	1448
1448	1352
2883	1448
3633	1448
1448	4137
1448	2883
1448	3405
688	1448
1448	352
3041	1448
1448	2845
2531	1448
1448	700
2609	1448
1180	1448
2588	1448
2123	1448
3272	1448
710	1448
3933	1448
118	1448
2104	1448
3611	1448
225	1448
1448	2322
1448	3611
1448	2104
28	1448
2588	3933
1448	3791
1448	710
118	2345
1448	2123
1448	506
3611	1448
1448	118
3638	3773
1448	285
4022	1448
1448	3272
3773	1448
3405	1448
3454	1448
285	1448
2590	1448
1448	3405
352	1448
2588	1448
118	1448
1448	3638
285	3454
1448	3454
3933	2588
1448	3390
3773	3638
3791	1448
3638	1448
1448	285
3638	1448
3390	1448
1448	3638
285	1448
2731	3638
3454	285
3346	1448
3272	1448
1448	2475
1448	3454
3772	1448
2506	1448
1448	118
1448	2223
1698	1448
2123	1448
1448	3773
1448	2104
1448	2856
2731	1448
3611	2223
3773	2223
125	3454
2223	1180
2223	3454
125	894
2223	1224
2223	650
2223	894
2223	3773
572	2223
2223	572
4186	2223
4221	2223
2223	2024
2223	247
2223	640
2223	2731
956	650
3631	2223
561	2223
2223	894
650	2761
1192	1630
2701	926
1694	878
1694	878
1694	2701
469	2417
2534	469
880	3410
4046	1330
3639	1900
2526	2533
4210	3335
1378	1352
1330	2531
4211	4046
1606	688
3415	1408
4124	1385
688	4109
732	2045
688	663
2526	874
4116	663
663	2533
3638	118
3638	118
118	3638
3638	2103
285	986
3773	1698
3638	2845
118	3638
2875	3638
4137	3638
1698	3346
3772	3636
3346	3638
1319	3638
3636	4109
3638	3390
3773	3638
1698	3454
710	118
3638	4199
118	3638
2588	3638
2731	3638
3638	44
3638	285
3638	1432
1448	3638
3638	1432
1698	1448
3638	3641
3638	2386
3638	2731
3638	3454
3638	1448
3638	1448
2709	3638
4133	3638
1884	3638
1698	285
3638	3773
2123	3638
2731	118
1698	2731
3638	1352
2845	3638
3454	3638
3329	2123
3405	1166
3405	113
3405	118
118	3405
3405	2123
2123	3405
3272	3405
1451	3405
3933	3405
3791	3405
3272	3041
2104	3405
2588	3405
2123	2531
506	3405
3611	3405
3405	2588
2731	3405
3405	710
3405	2445
3405	3791
3045	1987
3346	3405
1900	3041
352	1321
3428	1378
3638	4116
3405	2809
3773	3405
3405	688
3405	2168
352	1900
285	1987
3743	1385
3048	3454
3405	3162
3405	2509
3772	3404
1180	3041
3405	2202
1900	3404
3404	1900
1385	4173
4046	2155
1474	1321
1448	3405
3405	3335
1378	1900
1321	4116
2531	1900
3404	3416
3611	1378
3405	2104
2588	3405
2607	3405
4109	873
3335	4116
3405	985
2155	3743
1900	2531
1378	4116
3041	4116
2509	3405
3416	4116
3404	873
1698	2531
3405	2123
1900	1619
3390	3405
3405	3772
2506	4141
4173	3416
1900	3416
4116	1385
292	1378
1987	663
3405	3933
688	2531
1900	285
1900	1432
4109	1621
3405	1448
3416	352
4112	1448
688	3405
1900	3743
3404	3639
352	1900
1448	2531
352	3404
3743	1900
4116	3404
4197	732
3045	4113
4116	1719
2469	4141
1900	2609
4141	732
1900	3639
4158	2531
732	2531
1900	2526
2526	4116
1900	1729
3404	352
4116	352
3428	3405
3639	3404
3415	2531
3638	2059
4158	3415
4116	3405
3404	4116
352	1385
688	3404
1900	4137
4123	3405
3404	3636
2609	4141
3405	1180
1448	4116
3405	786
1321	1900
1408	1321
285	3405
3783	2531
3405	874
3404	352
3405	3454
3405	3272
3405	2080
1900	352
4158	3404
3639	4155
3404	1321
2081	4046
666	4118
1378	1321
3041	3404
2531	3416
1330	4116
1440	4141
2506	3405
2506	3405
873	4116
1900	4116
3405	4211
663	2531
4116	661
666	874
1408	1900
2731	352
3404	663
3405	3743
1378	4141
2875	3405
4116	3041
3405	920
4137	2533
3335	3405
1411	1385
4134	2531
3404	3041
4116	998
4109	4046
2609	1900
352	3404
3715	1900
1378	688
1378	261
4154	4109
4109	3405
887	3041
1408	3041
3638	3405
1615	661
4109	732
4124	4199
1900	700
2059	1900
2797	4109
3404	352
1615	1321
352	4116
3041	4109
3404	732
4112	4116
874	3405
4118	1378
4112	3638
1900	2217
1900	3003
3405	3415
3390	4141
1330	874
1440	2531
3390	3405
4116	1417
4141	4124
1987	352
352	4116
732	3404
732	3404
3405	1408
4203	3405
1900	2067
3404	1900
2531	3639
1900	1321
2609	4109
4158	1900
3404	4199
3415	4136
4118	2531
874	1611
2609	3416
4109	3416
4124	352
4040	3404
3404	4116
4199	1900
4139	732
1615	412
2875	2081
4211	1618
732	4222
412	688
732	3783
732	4166
4199	3783
3782	1440
3743	1341
2588	1321
1321	2588
3272	4109
732	113
225	1321
3933	1321
2104	1321
3405	1166
506	1321
1321	3611
2322	1321
1321	2322
1321	2104
3902	427
3611	1321
3335	1385
3405	118
2531	3902
1321	3902
1448	352
4137	1321
1321	1900
3415	3416
2731	4109
558	1321
1321	3454
3743	1321
352	1321
3405	3335
2731	663
661	4109
3335	352
352	2533
352	1329
1321	352
2731	1321
1321	140
1615	1321
3405	1352
663	1385
352	3335
3335	2531
3415	1321
1378	1385
1321	1884
688	661
4040	4118
1987	1321
1884	1321
1987	1352
2533	352
352	1352
1432	3405
285	4109
4116	1321
661	3405
3422	1321
3415	688
2531	3335
2531	1385
1352	4199
1378	661
1321	661
352	1321
3405	3416
3454	1321
4116	4197
3416	352
1321	3415
3416	661
688	2072
1321	688
1987	3902
1385	1321
3045	4199
3902	2531
4124	3041
1900	4199
3772	1321
3902	3405
3335	4199
1352	352
4175	1385
887	3041
1321	2531
4199	3416
3335	3405
4118	1352
2731	3416
1321	732
4116	4203
4109	2533
1321	1385
2123	3405
285	1611
3902	1378
1321	3405
1321	3933
901	4124
688	3902
1378	3335
2531	1385
1385	352
3415	3335
3416	3404
3390	1321
1900	352
2123	1321
352	663
3416	1900
1321	352
874	1321
4109	1321
1321	4116
3639	1329
285	2533
2875	3416
3404	1321
4161	1321
1378	1385
663	4124
1432	3416
3335	1378
688	352
2527	1321
3415	1408
1321	2223
4199	4118
4116	4203
352	4203
2531	661
3416	1385
3638	1321
3405	3638
352	3416
352	3335
1611	1330
4197	2531
352	1330
661	1321
4109	1330
3639	1321
1321	2856
3416	1381
663	666
3405	661
4109	285
4116	661
3902	1321
4118	1321
1378	3902
3041	661
874	1321
3416	2149
1321	2531
1188	1321
1321	4109
352	688
1440	663
1321	2609
352	3902
1321	3772
1330	1378
1321	4161
1385	352
688	3415
1955	1321
2531	4203
1587	1321
663	352
2531	3415
3743	4161
1321	352
3405	3415
3416	2531
661	3041
1615	1330
1321	1615
1352	4199
3416	1408
663	3335
688	1321
1321	1352
4199	732
661	3405
352	1321
3405	1900
1900	1321
874	4127
3041	1321
1330	3405
3405	3390
1321	1900
663	3335
3416	3404
4197	1321
3404	1321
3405	1611
2533	4116
874	4109
3415	1448
4109	2104
4109	1987
3041	1330
3405	1330
4116	663
3335	352
4203	4109
3390	1321
3405	3415
661	1378
4118	3415
661	3416
1321	3791
4199	975
3415	1329
1321	3743
1987	873
113	3405
3415	3405
3902	4116
1321	3902
688	1385
3416	2883
1378	3415
1900	4109
3902	352
4116	1321
3902	4199
4158	663
1729	1321
1321	3444
352	874
1321	3404
700	1321
4116	1408
4109	2445
3638	1330
3743	1321
352	663
1330	3902
4109	4116
1321	3415
2527	1479
1321	3639
1329	3638
352	3902
2531	1321
1321	2526
3335	353
353	1321
3405	3743
353	3335
1163	1382
285	1321
2163	1352
4123	353
353	1479
189	353
4108	353
3142	353
353	3062
665	663
353	893
412	353
3042	1987
732	3335
3335	1615
3048	1330
3902	732
2533	4199
1385	2526
1352	732
732	3048
4199	2045
732	1615
663	732
2045	732
1900	4199
53	4199
2531	2797
732	2072
732	1378
732	1321
4109	732
2311	4162
2311	283
2845	1587
2191	1587
924	269
3597	2774
3597	2845
1587	924
2839	1587
269	1587
1586	924
3597	2191
1587	289
3438	1586
1586	3598
924	3597
2191	4162
1586	4162
3597	1586
1586	3385
2199	1586
2809	1380
318	521
1190	1330
1474	1330
2535	1330
2080	688
4199	906
1630	1227
1629	612
1629	612
2944	1630
612	1629
1010	1630
612	1002
1630	612
612	1630
1629	612
1166	612
3026	2478
503	1166
1998	1166
1399	1166
603	2478
2952	1166
986	1380
1166	1485
2123	2791
2791	3329
2791	2415
2791	2588
2791	530
2791	2969
530	2791
3272	2791
205	2791
2332	2791
2415	2791
3169	2791
3247	2791
3329	2791
3329	2791
2123	2791
3342	2791
3130	2791
820	2791
490	2791
3342	2791
3311	2791
3329	2791
2588	2791
370	2791
113	1279
143	3579
1584	985
1485	983
2811	3223
2270	2811
3515	2478
4183	521
4183	3959
4183	113
4183	2478
4183	815
2983	1166
2983	113
1273	1364
785	2104
494	2983
3416	1408
352	2609
874	352
1330	2047
3570	2739
496	2739
815	3545
815	1747
214	113
936	3390
214	3405
2123	3405
3378	3390
936	352
3378	3405
936	3405
3707	2588
2966	113
1451	1180
23	2588
2588	1166
214	2478
1951	2588
1451	2731
214	3130
214	530
2374	2104
936	113
3378	352
3244	2809
1520	2809
214	1630
214	521
3342	2588
530	214
2588	3342
214	2104
2588	113
2588	521
2588	3162
214	3342
3329	214
3130	214
3342	214
2588	4212
2588	3272
214	2104
2374	113
3390	936
3611	2123
3342	2724
2123	1850
936	113
214	3329
2588	988
2588	2123
2374	3272
936	3272
214	2104
214	2123
2123	214
3378	113
3405	936
2588	2104
352	3378
214	1951
214	2809
2588	867
2588	3707
214	3390
3405	214
3405	3378
3244	3272
3061	214
3378	118
2123	2588
710	2589
2123	2724
3244	877
710	2588
3269	2588
3272	745
2123	3272
2123	3611
3272	2588
2123	3207
928	2123
1998	2588
3269	214
3274	214
3272	214
2123	936
3378	4022
3244	476
2966	214
2123	2588
3378	3933
3378	214
3378	936
3933	1018
3378	1085
3244	2112
118	2374
2062	214
3244	2588
3378	3517
3772	2374
3378	2822
3207	214
3378	2588
3772	3454
1998	745
3378	2966
2028	3707
2418	745
2355	256
2809	627
785	2150
3982	2970
521	1951
2176	2028
2355	2541
225	3611
2355	119
3982	3325
3982	3395
3743	2535
3422	2531
2531	661
1378	3416
4112	661
2535	1329
920	2819
3244	1998
1448	3390
2509	3390
3390	2731
3389	1600
3390	1180
1600	3389
1600	558
1480	11
889	11
2022	3505
11	2101
2214	87
318	209
2357	2262
1225	1184
2214	1108
3944	3395
2357	3563
318	639
2357	113
318	505
2605	2103
390	113
639	2357
2811	3944
2357	639
2809	391
318	3707
390	2085
3800	2103
113	3707
2970	1225
3800	2811
2214	390
1225	2076
296	318
2357	300
390	2541
2214	2198
2103	2478
2811	3162
2357	2103
2103	2480
1225	2995
507	1829
360	2103
2357	1969
2083	1108
2162	32
390	3707
1532	2103
2103	3162
318	3395
2103	2198
2106	113
1166	391
360	2214
2103	296
507	360
113	1177
1248	2106
2214	113
2176	2103
2103	815
2103	2357
2103	1604
1017	2109
4019	391
2103	1237
2106	2800
507	1248
507	1017
1248	2103
2076	1184
1017	360
2214	2478
2103	2541
2109	2198
391	2478
2109	113
1017	2106
391	4212
2106	2809
2103	2800
1248	2109
2103	1184
360	424
2106	87
2811	1225
2103	1561
2541	209
2103	87
2106	3707
2103	2150
360	2106
1364	318
2103	113
3800	2811
2103	2534
3579	391
2811	3800
2478	391
2083	113
2103	1279
639	3944
391	2811
2106	3959
2809	2357
2214	32
2103	2085
2103	2262
2103	3923
2724	4212
3130	4212
3275	4212
4212	3714
4212	1485
612	4212
2952	4212
4212	2995
575	1321
2588	575
2511	575
575	1066
575	1598
575	250
575	3849
575	627
575	1692
575	3141
575	1951
575	18
575	881
575	86
575	2176
575	2809
575	1556
3707	2478
2123	3707
3791	3707
3707	2588
3707	2347
3707	2590
2588	3707
476	3707
3707	3162
3707	526
3707	2106
3707	4019
3707	2809
3707	4212
3707	2443
3707	390
3707	2176
3707	1788
3707	113
3707	296
3707	2357
2588	3707
3707	528
3707	2983
3707	2809
3707	2104
877	985
985	3611
985	521
2322	985
424	985
3611	985
2856	985
985	3611
985	28
3272	985
985	4022
985	988
985	506
3405	985
985	650
985	877
985	2590
985	2322
985	2731
985	2724
985	3773
1448	985
2123	985
352	985
985	2357
985	3390
985	2223
985	1951
985	612
2223	985
985	3791
985	1587
986	1448
985	3638
985	1630
1464	985
3378	985
1146	985
225	924
3454	985
2588	2357
710	985
1884	985
3454	506
2883	985
285	985
985	3130
1448	986
985	1248
985	2214
985	2592
985	2076
985	424
985	627
985	710
985	2223
985	2176
985	2202
985	2739
985	23
985	1994
3342	985
985	2104
985	2103
985	296
1845	985
985	2809
476	985
985	1951
2202	985
2588	985
689	985
985	575
985	4019
985	3378
985	476
985	2605
985	3944
985	113
770	985
985	86
786	985
985	4212
985	3342
1491	985
985	1004
985	2123
985	2588
985	815
985	3563
985	3772
985	1653
985	2588
985	1002
985	528
985	2478
985	1166
1955	985
985	3272
985	1364
985	1225
3956	985
3329	3342
376	985
985	2983
2590	209
985	285
985	3162
2475	985
985	924
985	3959
942	985
985	2357
985	2443
985	460
985	3849
985	612
985	3405
3130	985
985	2109
985	3454
985	27
985	2475
985	1062
985	285
733	3611
985	2104
920	985
985	1432
985	1558
985	3956
2202	985
985	1448
985	2322
3454	2322
985	4183
985	2131
985	225
985	920
985	1630
985	2952
985	888
985	2202
3611	985
985	1884
985	3611
985	1464
985	942
985	2511
985	21
3141	985
985	1321
985	506
881	985
985	1587
256	985
285	1448
985	612
1916	985
985	352
2483	985
1700	985
2475	986
985	2151
4019	3087
296	2054
867	277
27	352
2054	3405
27	2054
2590	2099
3342	27
988	710
988	4022
27	612
27	1630
1321	27
27	23
3959	521
27	4090
1448	2475
2475	27
27	1062
1630	27
27	2239
2357	1225
27	985
27	2394
27	21
27	3956
27	1692
27	3342
3707	27
285	1448
27	1794
27	1807
27	2497
242	27
4223	27
241	27
27	1614
18	3611
18	2322
18	2223
2123	18
4022	18
710	18
2588	18
689	18
689	18
1873	18
18	2104
575	18
770	18
18	2511
18	2223
18	2202
18	285
18	1004
18	2322
18	1166
18	2883
18	3956
18	3162
18	200
18	209
18	2478
18	988
18	2809
18	1556
18	2316
18	113
18	710
18	355
18	1491
18	575
3611	18
18	1729
2322	18
18	1630
18	267
18	2588
18	1587
18	3611
18	575
18	111
797	1166
18	2214
881	18
18	3063
18	3141
18	1598
18	4022
1916	18
256	18
613	2076
3019	1004
3508	1004
1399	2478
785	3735
3959	3714
3579	2198
1004	3563
391	2104
785	1108
3579	2104
785	2541
2478	1986
391	3579
1364	2104
785	1184
1364	3579
1004	2198
1004	815
2478	1364
1004	4212
1004	2995
785	391
497	3579
3579	391
983	785
3579	521
391	1004
2665	3959
3248	1004
391	785
1004	391
1004	1364
1364	3579
1004	3714
3959	1004
2028	785
2781	2028
785	391
983	3579
785	2478
3579	1364
2665	1364
2781	2479
2028	1004
2357	3579
391	2665
2123	3638
113	285
2104	285
3638	118
3638	924
2588	3638
3638	2123
3773	1698
3638	3272
700	3638
3638	118
3773	3638
1884	3638
285	3638
3743	3638
285	3638
3791	3638
2875	3638
1381	3638
3454	3638
1432	3638
1464	3638
3638	1448
3346	3638
3638	2168
3638	1180
3636	3404
710	3638
285	2104
3637	3636
3638	1847
3638	3390
3387	3638
1698	1180
2123	3638
1448	3638
1357	3638
3636	3389
3026	2176
603	4019
283	2763
50	3638
3636	1806
2731	2674
3405	2674
1321	785
1166	2329
2329	2123
3933	2329
3405	2054
2329	2674
2329	2123
2329	2123
2329	2590
2731	2329
1520	118
3773	2809
3933	3791
2724	3648
1451	2674
1146	2329
3773	3405
4093	2329
118	3773
3207	2329
3244	2329
4022	2590
2809	2590
2809	985
443	2329
2731	352
2809	920
2674	1160
710	2329
2674	1520
2475	985
2693	2329
3106	2674
2550	2590
3773	3638
2809	1321
936	2590
2584	2329
3263	1520
928	2329
1464	1160
2590	2329
2123	1160
2966	2674
2879	2674
1159	2329
118	2329
3517	2674
2588	2329
3390	1448
928	1160
2109	988
710	1160
2871	2329
3791	584
2418	2329
584	3791
2709	1520
877	2590
2123	2674
3274	1520
920	985
3959	3707
710	2590
3615	2590
3378	2674
3791	1018
3791	4094
2966	2674
2123	2674
2709	1160
2123	2674
3791	2403
710	2329
2475	2357
2845	3638
2879	1160
2899	1520
3773	3405
3508	2329
3791	3933
2590	2123
2709	2674
815	2739
3563	1415
4094	3791
546	1520
2899	1520
2329	979
2329	214
2054	2329
2724	3648
2123	2501
2501	3611
1415	3454
2347	1415
3390	1415
285	1415
3405	1415
2731	1415
2506	1415
1448	1415
3773	1415
1415	3714
2531	1415
1415	2198
352	1415
1415	1279
920	1415
1415	1219
1415	521
1415	1166
1415	2809
1415	1004
1415	391
1415	4212
1415	988
1415	2478
1415	2104
1415	1364
815	1415
1415	985
1415	2214
1415	1225
1415	113
2076	1415
521	1415
2752	1415
2809	1415
1415	2809
1415	2752
2104	1415
3563	1415
1273	1415
1415	4019
3454	1538
1632	1885
3454	1885
1885	95
1598	881
13	3141
3141	1598
1017	2104
1093	2809
11	2214
359	2022
2108	988
2214	1604
1017	2101
359	2101
424	1017
2214	1004
1248	3505
1017	3505
2214	113
424	2357
2214	2809
618	988
424	2809
1093	2101
3505	87
1604	3505
359	424
424	113
3505	2592
11	424
1017	424
3505	113
1248	424
424	1248
3505	988
1248	1011
1552	2083
1093	1328
424	1004
3505	359
359	1011
11	2104
1017	359
2214	359
1017	1011
359	1017
359	1248
1328	3505
1637	1166
507	2478
507	1166
11	2644
2355	2478
1380	521
2592	521
507	2809
746	2109
985	1642
985	639
920	985
1653	985
985	1741
985	363
1598	985
985	2446
985	492
985	3250
985	4149
195	985
985	1788
985	1729
985	1066
1098	985
985	3489
985	526
2473	985
985	1653
2445	985
985	13
985	256
985	3634
2983	985
60	985
985	2483
985	963
985	4189
3141	1558
3141	575
3141	142
985	881
13	1598
1598	1558
881	1598
1598	881
3634	3141
985	3141
602	2593
143	390
143	1415
3078	1998
710	1998
2347	710
760	1998
3269	2724
928	2966
928	3272
928	2123
1998	760
1998	2724
928	2871
1998	3078
3280	2871
1998	710
75	2724
928	3508
3280	2724
928	3661
1180	3428
1570	2507
2607	2507
3428	1180
1190	4155
4155	1352
3743	1190
1190	2072
1900	1190
3611	924
3611	1587
3390	1587
2731	924
3773	924
352	1587
3405	1587
3772	1587
3390	924
2731	1587
1587	1448
279	1598
1587	1598
3752	2191
2311	1587
1587	279
1587	285
2839	1587
3454	1587
1587	4162
269	1587
924	2774
924	1587
3499	2191
1587	2311
3675	1587
3597	1587
924	4162
1587	3597
108	1587
1587	924
1587	1884
3385	1587
1587	269
3385	924
1587	2311
2210	2191
2763	1587
1587	3598
924	1942
1587	378
2774	2763
1587	2774
281	1587
337	2191
1587	2763
1448	924
924	3454
2191	1587
1587	3454
1587	4162
3700	296
3700	460
3707	3700
3707	391
983	1279
497	1279
4212	1485
4212	1279
1004	2800
1004	1066
1365	3800
3800	1365
497	1485
2800	390
2800	2665
391	32
2475	1592
2140	376
920	1252
2475	2828
376	3082
660	2475
376	920
920	3449
2475	920
920	3523
3523	920
376	2943
660	3523
2943	1845
2943	689
2828	376
1845	3449
2724	490
2347	490
2347	2893
3094	3341
820	3130
1626	3342
448	490
2552	3130
2893	3130
1641	3342
3718	3342
3094	3130
2169	3342
2552	3342
3128	2213
2257	3341
2782	490
358	3342
2988	3341
3128	490
2213	3342
2893	3342
4137	3729
1385	3335
2223	256
285	256
1491	256
256	111
256	3141
256	2473
256	1994
256	64
256	60
256	209
256	18
256	355
256	1556
256	985
256	2316
2149	1352
1619	1352
3743	4155
1408	1385
1987	2155
584	352
476	3405
3791	352
710	352
225	3416
3611	1352
352	3335
352	1609
1900	352
1987	1352
1321	352
3639	3416
3335	4199
352	1352
352	3416
3639	1900
1352	352
4116	1352
3405	3378
3416	352
3639	1321
3416	4116
352	391
1542	352
3773	4116
4159	663
352	3902
3743	1321
352	476
352	663
3416	688
1378	1321
1385	4116
732	1352
663	2104
3041	4109
3639	1321
1321	688
352	4158
2526	4039
2609	4199
352	1321
1615	4197
3335	352
352	3791
4116	1352
2609	663
3783	1440
1615	3415
1408	661
4159	3422
3416	3639
3307	3672
4109	3415
3335	4199
663	732
3743	1385
663	1352
352	1900
1408	1321
975	1329
3307	4109
1378	663
1352	3405
1190	1329
1900	3639
352	2533
3422	4155
874	2531
3902	1321
3902	352
2588	688
1385	4199
1352	4109
1321	2609
4116	3416
3639	2531
1451	3611
1451	3346
1451	3773
1451	2731
1451	225
1998	1451
1451	3772
1451	2588
1451	3772
1660	1451
1378	3454
1352	2047
3045	4046
4211	3045
3422	2609
1052	471
4212	469
4212	424
2478	4212
4212	2101
613	530
3094	2076
3405	1448
3454	1448
3933	1448
2123	1448
3773	1448
1448	924
1448	2123
1448	3933
1448	3272
3405	1448
3346	1448
1448	2687
1378	1448
285	1448
1448	1381
1448	3404
92	1556
2531	1448
3773	1448
1448	352
2509	1448
1658	1448
1448	3773
4164	1448
3390	1448
1180	1448
1658	1448
1448	1180
1448	2731
1448	3773
1448	2731
2731	1448
1448	3773
3641	1448
3773	1448
1448	2601
1448	2731
11	2809
414	2809
1226	2809
2809	1166
2809	2665
2265	2534
2060	3572
2265	3800
3800	3105
2809	414
3572	2534
2060	469
2162	2122
2809	3799
2809	2831
3416	3545
2176	3329
2176	3342
3707	2176
2176	2345
2176	530
2176	2415
296	530
2791	2176
3275	2176
455	2176
2347	2176
2062	2176
2588	2176
3405	2176
2345	2176
3292	2176
476	296
3773	2176
530	2176
1399	2176
4212	2176
2356	2176
460	2176
1225	2176
2176	2104
3162	2176
3959	2176
2811	2176
2176	2
2478	2176
2176	469
2176	296
2176	2970
2176	2811
2076	2176
3293	2176
2176	3963
1004	2176
3944	2176
521	2176
2176	3323
2176	203
1166	2176
2176	3293
296	2176
2176	248
2356	2176
815	460
2176	1602
2176	3800
2176	87
2176	296
414	2176
2176	2104
1496	2781
296	2176
2176	3923
2176	296
2176	1004
815	1225
2176	3944
3395	3923
2176	1280
391	2176
2176	2781
3714	2176
1279	2176
2176	2198
2176	3395
3713	2176
113	2176
2809	2176
2176	2103
1279	2176
2893	1079
1747	1248
1747	2478
1747	1166
1747	2103
1747	2809
1747	1415
1747	113
1747	3563
1884	376
376	112
920	689
376	920
2475	1592
1491	1340
3410	1873
660	376
3454	689
376	1845
1845	2475
920	946
689	920
2475	967
920	1252
3454	3758
376	2140
376	3599
1845	1252
689	1845
2828	1491
920	2475
920	1516
112	1491
1845	920
1845	2828
2475	1845
1873	2475
376	2828
376	660
2475	660
1491	920
689	3024
41	1476
1491	41
985	1491
776	920
3449	2475
689	2218
1845	920
920	1729
376	916
1491	660
2178	376
1266	920
2475	1491
660	2475
376	405
1340	1491
920	3082
1845	1340
2475	3937
3937	376
689	2475
1584	376
2475	776
2475	41
920	1252
3875	689
1845	405
2140	1845
786	376
3074	1491
2475	2828
2218	2475
2475	3875
3449	920
1845	946
689	1491
3861	689
3758	770
3523	2140
1873	967
376	3977
376	1491
920	1491
3977	1491
689	405
3024	920
376	2475
689	376
41	376
1491	3759
920	3074
916	920
689	1584
689	2178
954	1845
2140	916
2475	920
1491	2475
770	1491
1639	1845
376	920
985	3823
3823	920
770	376
405	1491
1845	41
376	689
920	3449
1845	920
2943	689
1522	1491
3523	920
376	776
2475	1252
376	1252
1252	1522
3082	1845
1252	2475
2419	2345
2336	2345
2345	2062
2345	3747
2588	2345
2345	2588
2588	2345
3272	603
2413	2345
3703	1166
3703	3563
3703	3959
985	3424
1556	3703
3400	2279
3704	3079
2646	3704
1819	3424
3704	1819
2279	3088
3704	3295
3704	172
3424	3704
319	1556
250	2446
319	985
250	985
250	355
1066	1556
150	2730
2381	3772
2607	2730
2730	1570
2730	1658
3387	1180
2730	150
1374	2730
2730	4133
2730	3387
2730	50
3346	2607
2511	3880
2588	3772
3269	3773
2123	3773
2123	2731
3611	3773
1451	2506
1451	3773
3272	3772
710	3773
1451	2731
1451	3773
3773	285
3772	3454
3773	1587
3773	2443
3773	1166
3772	2809
3773	2322
3772	2588
3773	1884
3772	285
3773	920
3772	2104
3773	1415
3773	877
285	3772
3773	3405
3346	1180
3638	3773
2731	3405
3772	3405
3772	2509
2327	3772
1910	3772
3346	1431
2730	2509
2731	3346
3772	1180
3772	2292
3405	3773
2505	3772
105	3772
3346	3772
2730	3346
1321	3772
3772	2730
2677	3772
1319	3773
3743	2506
1897	3772
3772	3389
3772	3641
3772	3346
3641	3772
2223	3773
3772	1847
3772	1658
3346	3772
3346	2506
3772	2386
191	3772
1319	3773
1570	3772
3772	2509
3772	2730
2509	3772
1658	3772
3772	2687
3772	3346
3636	3772
1838	3772
1847	2509
3772	1547
2506	2509
2509	1180
2509	2385
1180	2509
2509	2385
2385	2509
967	1916
985	1916
1916	575
199	1916
1916	2279
1916	1556
3773	3390
3773	558
3638	3390
1319	2731
3390	1698
1448	3390
3390	3773
285	3390
3390	1180
3346	3390
1600	558
865	558
3389	1600
3985	3390
558	1600
3389	1600
3390	1180
2731	3389
3390	3773
2168	3390
866	1600
3791	113
2475	2104
2475	3454
3454	920
920	3454
1448	920
376	3454
376	920
920	1340
689	920
2475	3449
689	2475
1729	920
3024	920
2475	3977
920	1516
2475	2140
920	985
920	376
920	3448
660	2475
2475	776
2475	3823
920	2475
2475	2178
1627	1522
376	1522
2140	920
916	920
920	2548
1491	776
2475	285
2475	985
920	1729
3024	1522
942	2475
2475	660
689	2178
2475	920
1340	2475
920	1845
3454	2475
2752	1279
2744	1279
1361	1279
2590	1248
424	1561
2592	1829
2724	2590
2588	2123
2718	2588
4051	2590
1998	2588
1146	3272
2588	3272
476	3272
1146	214
2588	1998
2724	2590
476	1998
2588	2123
2588	2966
3508	2590
2588	3272
476	2123
2724	2588
476	3244
2588	2123
2588	2926
3269	2588
476	3333
3269	476
2588	3327
2112	2588
2588	3333
546	476
3274	476
2588	503
2112	1146
2588	3280
2123	2588
2588	38
2062	1146
1998	1146
2123	1146
3272	476
3244	1146
3272	2588
2112	1146
2966	2588
928	476
3061	1146
38	2724
476	3327
1998	476
2879	2588
3244	2724
2123	476
2123	532
3244	2588
3378	476
476	2390
3327	1146
2926	2724
3207	2588
75	2588
2879	476
1998	2588
2674	2588
2709	2588
1803	2588
2161	48
2153	1225
1225	543
3329	3025
1256	3773
2322	4199
574	2731
2322	3454
3611	2883
924	506
2322	574
2501	3611
244	3611
4137	3454
2322	3803
2322	506
3611	28
2856	924
3773	1180
2322	3594
271	3611
3611	574
3611	28
3454	1611
2882	1381
3454	1432
1381	1432
864	1381
2509	2731
2322	1256
1370	3611
3594	3611
3346	3773
1448	3454
1381	1432
2509	2506
2565	225
736	1432
2731	1897
2323	3611
1256	3611
924	2322
3454	1587
2997	2322
574	506
3773	3346
3638	3454
285	3454
3454	2883
1381	1432
4042	225
1432	865
733	225
3611	28
2386	3773
2323	3611
1432	3863
1256	2593
1897	2731
2540	225
3773	2292
2322	3611
2875	3454
3773	3641
3454	924
2593	506
2526	1611
1319	558
865	3390
1865	3390
1448	3390
3390	2731
1600	558
3390	3773
1600	3389
3389	1600
3389	1600
1600	3389
3390	1632
612	2809
2076	2809
2809	3162
2809	528
2809	815
528	2809
2809	391
3800	3572
1385	3405
3405	1385
688	3404
3346	3405
3335	3404
3404	732
2531	732
3404	3335
140	2531
4199	1479
3335	2531
3405	1987
3415	3405
1378	1479
3405	3041
3405	2509
3405	1385
1479	4112
688	3404
4173	2531
3405	1698
3404	4116
4046	663
2731	3405
3404	663
3405	874
663	3405
3743	3405
2731	2531
3404	3335
3335	3404
214	745
2329	1451
710	118
118	710
1448	118
118	2588
2028	920
2709	1451
1556	2165
1448	118
920	2028
1653	920
14	2511
23	2511
985	2511
2511	1630
2511	2475
2511	1951
2511	277
2511	23
2511	2104
1819	3088
8	3704
530	113
113	3638
113	530
113	3454
113	1884
1630	113
612	113
2123	113
3272	113
3342	113
623	113
2791	113
4075	113
3130	113
3707	113
1018	113
462	113
1324	113
2731	113
2062	113
3773	113
2588	113
214	113
352	113
3275	113
2345	113
2347	113
3162	113
2076	113
3405	113
2739	113
528	113
285	113
2176	113
2265	113
1448	113
460	113
113	1415
3959	113
1124	113
414	113
2131	4090
113	3162
2478	113
113	3563
2347	113
2162	113
11	113
113	2739
4212	113
1225	113
2104	113
113	2176
113	2809
113	386
113	2478
424	113
113	3555
113	2162
113	2214
113	988
113	3579
113	2809
113	1273
113	507
113	11
521	113
113	1017
113	424
113	391
113	1248
1004	113
113	2101
113	296
113	3563
113	2592
113	1364
113	2104
113	1166
113	3505
214	3390
4022	3390
710	3390
2123	3390
3272	3390
225	3390
3390	2123
3933	3390
2501	3390
1451	3390
3611	3390
3390	2445
3390	4022
3390	214
3390	2588
3390	877
3390	3791
3390	2104
2845	3390
3390	710
3390	3881
3390	113
3390	4183
920	3959
285	3390
3390	985
3390	2983
3390	2445
2123	3390
3390	2123
1448	3390
3390	1166
3985	3390
2223	3390
3416	3390
3773	3390
3390	296
3390	1448
150	3390
3346	3390
3390	2357
3390	2809
1321	3390
3390	1556
3390	2509
1600	1344
650	3390
663	3390
1381	3390
2588	3390
4116	3390
1600	352
3390	3454
1319	3390
352	3390
3390	2731
3390	1587
3405	3390
1180	3390
1600	3389
2506	558
3041	3390
3389	1600
2123	3390
3959	2739
3389	558
3390	3272
558	3390
3389	1600
710	214
3390	3378
1432	3390
3390	3638
558	3773
1615	3390
1448	3390
3389	3772
3272	3390
874	3390
1344	1600
2123	3272
1900	1395
3715	2531
1900	1378
4116	3715
1615	1900
1900	4118
1900	2531
4127	1385
3639	4118
1352	665
1900	3715
1900	3405
1900	2883
1916	2223
2588	1916
1916	2104
1916	2809
285	1916
786	1916
1916	2279
942	1916
1916	1166
1916	3162
1916	1598
1916	355
1916	985
1916	111
1916	3408
1916	575
1916	3141
1916	967
2590	2811
796	550
1448	2875
4124	3444
3390	3960
3960	1381
2347	530
530	2062
2104	3342
3342	1166
3342	2347
3342	2588
3342	2357
3342	2176
3342	2345
3342	2104
455	3342
3342	476
3329	3342
2893	3342
2062	3342
3340	3130
1164	3342
2893	490
2213	490
3718	3342
358	3342
2415	3342
2167	490
1626	3342
160	3342
2974	490
2169	490
3324	490
358	490
1626	490
3718	490
3128	490
3094	3342
2169	3342
296	967
448	490
2213	3342
1255	3341
855	3341
598	3341
3340	2893
530	2062
2782	3341
3338	3341
820	2062
370	3131
3329	3342
2347	113
2176	3329
3329	2176
2062	296
2176	2062
2588	3329
2062	2176
2345	3329
3329	2588
2347	3329
3329	2345
3329	2347
3329	2123
3329	225
2588	2062
455	3329
3329	455
2588	1324
2062	205
2062	3329
2347	3130
2062	2415
2588	2062
2893	2347
2062	2588
2062	2347
3329	3025
225	3329
2062	3169
603	2062
2347	2062
3342	3329
3025	3329
2062	820
3025	3329
2062	3329
3329	3025
3130	3329
3329	579
3329	146
455	3258
2062	530
3026	2062
2062	3311
3329	146
1004	2198
3959	2176
3959	3923
3959	2109
3959	815
2198	3959
3959	2809
3822	81
3822	3849
1587	1598
924	2210
2191	3597
924	283
1587	269
3823	2316
1587	1589
2931	1587
1587	324
2839	1587
1587	2191
269	3597
2774	2311
2792	1587
2311	283
2191	4162
1587	3454
289	1587
1587	2931
2311	324
2191	2098
924	1587
2931	3597
3454	1587
2787	2191
2774	1587
2311	1587
3597	2098
1597	3499
3597	324
4162	324
1587	2774
283	3597
289	3597
108	2191
1587	3674
324	283
996	2109
2644	1017
2644	2214
1552	2101
1248	3571
1248	374
1815	11
1408	4203
1378	1329
1352	4224
2047	2609
4203	4046
4211	3639
2609	2047
2609	4040
1378	2149
4019	3454
2123	4019
352	4019
2590	4019
3791	4019
710	4019
1166	4019
113	4019
4019	2809
1004	4019
2357	4019
2104	4019
2478	4019
4019	2357
4019	2478
4019	2104
391	4019
4019	3959
2983	4019
521	4019
4019	1166
4019	2153
4019	521
4019	1225
4019	4212
1875	528
4019	2739
4019	2983
1273	4019
4019	3579
4019	2982
815	4019
4019	2665
4019	528
4199	2883
1987	3902
3405	732
1900	1378
732	3003
1615	688
4109	874
4109	732
700	1900
4199	2350
3048	1330
1378	1209
139	1900
1900	3715
292	4116
873	1618
1900	4199
1166	3454
1166	285
1166	3130
1166	3342
530	1166
1166	530
1166	1448
2478	3405
2478	3454
2478	1448
3342	1166
376	1166
2478	2345
3378	1166
2123	1166
877	1166
3130	1166
3272	1166
3269	1166
928	2478
2791	1166
1166	1364
675	2478
920	1166
476	2478
2419	2478
928	1166
2347	2478
3141	1166
2506	1166
2724	1166
2731	1166
2123	2478
2590	2478
267	1166
2345	1166
3707	1166
2588	1166
3772	2478
352	1166
4022	2478
603	1166
710	2478
2443	1166
3272	2478
3489	1166
209	1166
4019	1166
2076	1166
3707	2478
1415	1166
2377	1166
2531	1166
2478	3800
1166	988
1166	209
575	2478
363	1166
1166	2739
2478	2104
3563	1166
3707	1166
2443	1166
414	1166
1166	2101
1166	2104
3923	1166
424	2478
1273	1166
296	1166
3162	1166
2970	1166
3405	1166
424	1166
2265	1166
2076	2478
2478	3563
1166	1273
352	2478
3944	1166
2214	2478
3772	1166
2605	1166
3800	1166
1166	521
2214	1166
1225	1166
3390	1166
2176	2478
1166	424
1364	2478
2104	1166
2478	1004
2478	521
2357	1166
2478	2443
2478	497
113	1166
2478	1364
1166	391
2739	2478
2478	2357
1166	528
391	1166
2478	1364
2478	1380
1166	2104
1166	1364
1166	815
1166	2214
2478	1004
1166	4212
2478	815
2478	785
2809	1166
296	2478
318	1166
497	2764
497	2665
3563	2478
391	1166
2478	119
1166	2478
2478	1225
1166	1875
2478	391
2478	2764
3579	1166
3415	1166
1166	2605
2478	815
2176	1166
1166	391
497	1166
2478	1364
1380	1166
2478	1166
1166	2781
2478	2263
1004	2478
391	2478
983	1166
1364	1166
2104	1166
2478	785
2478	497
1166	3853
2478	988
2478	1004
2478	424
1166	2265
352	1166
867	597
3405	1166
867	1166
575	1166
1464	1166
2475	1448
2656	1166
1166	3405
1166	92
214	1166
1166	710
2153	1108
2153	3959
2153	2101
1225	2153
2618	907
3703	1004
3703	2809
3703	2357
3704	3424
4152	3703
2104	1884
3773	1884
1884	2104
1884	2322
1884	3611
1884	3773
3390	1884
3611	1884
1884	506
2322	1884
1884	924
1884	2223
924	1884
1865	1884
1884	3597
2223	1884
3297	1884
1884	1865
1884	1889
3444	1884
1884	3390
1884	2379
1381	1884
1884	1448
1884	3699
376	1884
2379	1884
3699	1884
1321	1884
689	1884
942	1884
1884	1432
1884	1632
1980	1884
1889	2379
1884	285
1889	1884
95	1884
1729	1884
1884	1941
1865	1884
1448	1884
285	1884
1884	1598
518	1884
3638	1884
1865	3405
1884	2883
1864	1884
2202	689
3823	2202
2202	945
1655	941
1206	1187
3773	3633
3633	1378
1806	3633
2847	3636
1698	2847
3636	1806
113	1630
2651	627
355	521
355	985
355	1166
355	2357
355	1225
355	2104
355	2809
355	209
355	3141
355	1556
355	575
355	1916
391	2229
2175	3078
3390	3881
3773	3881
528	1557
1556	3707
2911	3959
4137	1217
3454	4137
1448	4137
3454	4137
2561	4137
1409	4137
3472	4137
4137	3729
3700	1788
1767	3385
924	3654
2882	4137
1729	285
1347	3037
1347	64
575	64
113	2357
1448	3773
2533	284
284	1395
701	284
284	2883
284	3232
284	700
700	284
3876	700
284	700
284	2518
3876	284
3415	284
3773	284
284	2531
3545	3612
3545	3250
1415	1220
1415	1664
1415	3564
1415	3972
2254	3857
1415	3123
1771	2445
724	2445
2883	2445
2883	686
2445	986
2445	111
2445	3452
396	118
2123	2739
2591	1017
2591	3408
1146	815
2123	2103
476	2103
2724	2103
285	3563
2123	2809
2588	2739
2674	2103
2588	2103
2590	296
2588	2809
2588	2176
1146	3563
2674	2809
2198	386
2198	815
2198	2739
87	1747
2588	113
815	32
2198	1415
3827	2739
1091	2739
2198	2103
2198	1279
87	815
815	87
2103	3188
2198	3563
299	2739
3714	414
87	3555
2739	1108
1415	2103
453	2739
87	2739
296	3707
1415	3714
2103	2588
2103	815
3563	2103
815	1279
3162	1415
3162	815
3563	2605
3555	2739
2147	3563
2176	2739
2739	2103
815	2103
3828	2739
3011	529
1874	815
3188	1415
2781	2176
3563	2198
2739	815
1273	2103
1415	1829
2739	390
985	2739
2781	1415
815	2198
1415	1279
2176	2103
2739	3563
296	815
386	2739
3828	2739
2739	3555
3162	3563
2103	3563
296	1415
3827	2739
815	2605
3714	815
386	2739
2103	87
2781	2478
815	1415
3555	2739
2739	3828
815	2983
1415	3563
2739	386
2739	3828
3563	2739
3563	3888
386	2739
2739	1398
3828	2739
2739	1880
1279	386
2739	3827
3563	2147
3849	2809
3743	3335
2533	2531
2526	1900
4197	663
4116	3902
2533	3416
1858	209
2223	2483
1884	2483
285	2483
2483	1884
1491	2483
770	2483
2483	2223
376	2483
2483	1729
920	2483
1598	2483
2483	689
2483	920
2483	2140
2483	1491
2483	285
2483	376
2483	770
2483	2475
2483	4189
2483	1955
2483	1598
2483	1321
985	2483
285	2483
2483	985
18	2483
967	2483
1700	2483
1998	1451
1598	1692
1598	770
143	2739
526	143
1568	1556
2917	2811
2270	2811
2736	2673
3791	1955
1955	985
1955	1700
1549	985
1549	2214
3141	3434
1549	1955
1549	2104
1955	920
2731	1448
2509	2731
3346	2731
1698	2731
2731	2509
3390	2731
558	2731
2731	3773
2731	2292
2731	3638
2386	2731
3346	3638
437	2445
683	2445
2447	2533
1558	390
1558	2109
1558	2811
1558	2176
1740	1004
427	1558
1558	4212
1558	785
1073	1558
1558	2684
2201	1558
1659	1558
1004	1558
1558	26
132	1568
1558	3480
26	1558
1568	37
1558	2162
1558	2684
1556	1568
26	3929
143	1558
1558	3806
2719	1558
1040	1558
2248	1558
132	3867
1558	1004
960	1558
2482	1568
142	1558
1558	526
1558	296
1558	2341
1558	522
1558	2478
1558	2355
3806	1558
3867	1558
3806	1568
1558	318
1558	1364
1558	113
1710	1558
3959	3532
2123	2223
2104	2223
3611	2223
2223	3611
2223	2123
3773	2223
1180	2223
2223	967
3773	650
2223	3390
2223	2506
3772	2223
2223	4118
2223	894
2223	572
2223	650
2731	3638
2731	650
2223	2731
2223	558
2223	3454
2223	3631
125	3631
2506	650
2223	285
3454	2223
1448	2223
2223	3773
650	2223
650	3773
285	2223
247	2223
1451	2223
125	561
894	650
3048	2223
1884	2223
918	650
2223	1448
1672	650
993	2223
3272	2223
613	2176
2446	143
2446	2182
3545	2370
2446	2328
2446	2498
3545	1558
2446	2894
3545	683
3700	2854
2446	1674
202	2446
745	3390
3773	3611
1448	92
2123	3390
745	3390
2590	3162
2104	3454
2322	3773
2322	1448
506	1448
3611	1448
506	3773
3611	2123
2322	2123
3611	285
3611	3454
3611	2223
506	2123
3611	3405
2322	3454
506	3454
2731	2322
877	3611
3611	352
3611	2856
2856	3611
3611	3329
2856	3611
506	2856
2322	2856
2856	506
3611	877
3611	2856
891	2322
506	2322
2322	506
506	28
506	2322
225	506
2322	2856
506	3611
3611	28
28	3611
3611	3454
2856	3454
3611	924
3611	2322
2856	2948
3611	506
2322	3611
2123	2322
2322	3611
2322	1433
3611	506
891	3611
602	28
3611	2856
2322	3611
28	2322
3611	225
3611	2856
28	2322
2856	2594
3611	1587
506	2322
891	2856
3611	506
28	3611
225	3611
2856	28
3611	2322
3611	506
2322	3611
506	2322
2322	225
3611	2322
574	3611
2322	3611
3611	3272
3611	1448
506	3611
2322	3611
2322	506
2856	602
2322	602
506	2123
3611	4042
225	2322
2322	3611
244	574
515	2856
2119	3611
2948	2856
28	506
2115	506
3611	602
3611	3786
1256	3611
506	602
76	3611
3611	602
2358	2322
1246	506
2856	1709
506	2457
1456	574
2856	2948
506	3159
3611	3998
2170	506
574	506
182	3611
541	506
3151	506
602	3611
2019	2856
3611	2429
506	3803
1053	506
3803	506
2322	602
2951	28
2322	2005
88	891
2170	3803
1464	967
3405	967
967	612
967	2588
967	2856
967	4090
967	3773
967	1951
967	1630
2123	967
967	225
2347	967
967	3390
3390	967
877	967
967	2223
967	924
2347	2054
1448	967
1448	967
4022	967
214	967
710	967
967	1321
4137	967
2871	967
924	967
1874	967
1884	967
967	1448
942	967
967	1448
2588	967
967	521
1381	967
1587	967
1381	967
285	967
942	967
476	967
2883	967
3454	967
967	1558
225	967
967	363
967	1788
967	526
967	4019
1955	967
967	3348
967	2443
355	967
967	3772
967	86
967	285
2588	710
967	3480
967	3489
967	1994
1549	967
967	3342
967	988
786	967
3434	967
967	2809
967	111
967	2871
2862	967
967	4183
967	2883
967	2357
920	967
967	476
967	710
967	1062
967	2103
967	4189
967	2478
967	1556
967	2214
967	2123
967	355
967	4212
967	1587
967	3944
967	2983
967	2347
967	113
967	2419
967	1464
967	3611
967	924
967	2894
967	2104
967	209
967	1166
967	2588
1448	967
2202	967
967	2176
967	3454
786	967
967	214
967	1729
967	2223
967	2202
967	2511
967	4022
967	528
967	250
967	1884
967	2104
967	285
967	1630
3611	967
770	967
967	3162
967	1448
967	1777
967	942
3342	967
967	888
967	2153
967	3849
967	521
967	376
967	627
967	2739
967	1794
2443	967
967	296
967	60
1166	967
967	815
2483	967
1729	967
967	2483
967	1066
528	967
967	1916
1415	967
3563	967
2983	967
2511	967
2214	967
285	967
2588	710
2483	967
4183	967
4212	967
967	4137
1225	967
967	2104
2478	967
319	967
3703	60
3704	2279
3704	902
3704	2279
661	2533
1987	3902
4046	1329
351	2609
1352	4199
1145	2012
744	705
2898	2873
1299	2212
2856	1080
2856	4225
3611	2545
2454	28
3611	987
28	2358
2440	3611
76	2322
28	653
3611	76
2358	2322
2322	2358
28	4067
3649	521
3972	3649
3563	4019
3563	417
4019	3563
3649	4019
815	4019
3985	2445
4178	2445
1771	2445
1252	2446
3488	4149
3545	1877
3545	3488
3545	3452
143	3545
2866	2445
2446	1994
2181	2445
285	2446
3545	3707
3545	178
3545	390
3545	3959
2446	3545
3545	2809
3545	1004
2883	2446
3545	3162
3545	2478
1674	3545
3545	2983
2446	3545
3545	2357
4226	2673
1300	2596
1598	627
2588	627
2419	627
23	627
867	627
869	627
627	2357
2750	627
627	2751
1082	627
627	3800
627	3849
575	627
627	1025
2751	2811
627	2811
627	2809
627	3162
1071	627
3063	2811
627	469
2104	518
985	518
1587	518
1448	518
518	2533
2601	2656
2883	2445
111	285
2588	111
111	985
111	967
111	2176
111	1556
2535	1900
1615	1987
1900	3639
351	1190
3415	4046
1618	1900
2443	1816
2446	3886
3545	3886
2614	2498
2446	1909
1791	2511
2109	3649
521	111
1364	296
2800	2109
526	2109
1004	1279
2150	390
4020	360
1004	2262
296	3713
390	209
2198	3162
2176	390
391	1279
460	2109
1166	2970
2176	3489
3160	2109
2176	2109
2176	3160
528	2109
522	2198
3160	2808
4107	2109
4107	3714
2176	522
2176	1279
1166	988
3160	4020
3923	1875
1875	2109
522	2970
1875	2808
2176	3713
2150	3395
3395	1875
2355	3707
296	390
460	2176
296	521
815	2109
528	522
4020	2109
3923	300
2355	2176
3565	2198
2982	2109
3160	815
2355	2970
1706	2198
1166	1986
2176	528
4020	573
492	522
521	2176
528	2754
639	2357
4038	2502
1243	1023
87	424
2176	1986
2198	2741
2214	2781
4038	2156
2983	3160
2357	2109
988	296
528	111
1166	639
2355	1279
2176	785
2076	2808
2198	2214
1875	507
988	209
522	815
522	3160
2214	296
2076	1166
1364	2262
1249	87
2109	3123
522	3714
1875	1248
1011	2198
2262	2328
3714	3325
2198	1017
2109	3714
2894	2109
988	3160
2109	3818
988	2808
2109	1177
2083	2800
988	2103
296	1788
390	528
2076	2265
3160	2265
2983	2109
4038	2970
87	2357
988	2176
522	2751
2109	87
3714	3395
87	1220
2106	988
3565	2808
507	87
2328	2109
988	2355
521	2076
2970	2541
522	209
1017	2355
2970	2109
2214	3160
2214	87
296	2109
2109	3160
988	507
2106	3714
2970	296
2214	3198
2109	3489
1017	390
3160	2076
785	2775
360	2109
1004	2198
2262	521
2198	2265
988	2109
2109	2739
424	1986
2109	2541
2076	2109
2262	2109
823	2109
1220	2109
2214	1986
1017	3800
988	1220
296	424
1017	3714
2109	3565
2894	2176
2109	565
2083	4020
1115	469
988	113
2109	2265
2150	1023
3818	2541
2022	2150
296	2541
2109	3923
2109	988
2970	2808
2109	3853
2150	2214
2109	2176
87	3395
988	1248
3565	1875
2022	1177
2109	1023
988	521
1166	2781
2106	2150
2970	521
988	1986
1986	3325
3800	2176
3162	296
1011	3123
2106	209
424	2150
988	2083
2541	2355
2262	2355
1986	3395
1115	2328
988	460
2970	3923
3923	3395
1273	87
3160	209
1986	460
2109	3800
2214	2076
1496	296
2109	1986
2109	3248
3160	573
2109	492
815	785
1115	1023
87	1167
2775	2894
2775	460
2109	2198
988	2103
1969	2357
3160	3489
505	460
2541	2076
507	4107
2262	3801
1969	2355
1017	2150
1969	460
3818	522
2355	522
2355	2861
209	2355
1542	2443
724	2443
4131	2656
3882	2443
1542	285
2656	3452
3985	1448
2656	267
2443	3452
2656	3545
2656	285
2656	2443
285	2656
2443	116
2443	2854
2443	3452
2443	3352
2443	3988
2656	3693
2443	3250
2656	3250
2443	3488
3390	3985
2443	2705
4152	2443
3545	2443
2443	3545
2443	296
2443	395
1741	2443
985	2483
2123	3563
3272	815
710	815
815	2198
1091	2739
3405	815
453	2739
417	815
815	1166
815	1415
815	2478
3563	521
815	3563
3563	1108
3563	4212
386	2739
3563	2809
815	2739
2104	3563
1273	3563
2739	3563
3563	2214
815	2104
3563	3476
3888	3563
453	3828
3563	815
2739	2104
2104	815
3555	2739
815	3563
2104	2739
3828	2739
815	4212
815	1004
2739	1882
815	1364
815	3972
2739	3828
453	3827
3563	2739
2739	386
2739	2397
815	3579
815	3555
815	1380
386	2739
2739	3827
815	521
3563	815
3563	2204
3563	2147
2739	80
386	3555
386	3555
3563	3979
2739	1398
3857	3563
4	815
2739	113
2739	521
815	113
815	1273
3563	3649
815	2739
3563	1273
2739	3555
3828	386
1415	3563
815	1220
3563	126
3563	3166
3563	1677
3563	1004
815	2357
815	2214
3563	2727
1273	3563
3563	3888
80	3828
2739	5
815	2809
4022	1598
1598	575
1598	3454
1598	1587
1598	1884
1598	1587
1598	3849
1598	2588
1598	2862
1700	1598
1587	1598
1884	1598
3597	2316
881	942
3141	2054
1598	2214
1598	1066
1598	113
881	3634
1598	2165
1598	2473
1598	881
3141	985
1305	1167
3141	1598
1598	3037
3851	3141
1598	1556
3141	1625
985	3141
3141	2140
2316	985
62	3141
1598	3624
426	1598
3141	426
86	2316
1598	1625
1884	2316
3141	355
2316	3141
1884	2316
64	1598
3141	13
1598	3141
3141	2316
881	1598
1700	1598
3141	1598
1491	1598
1955	3141
1598	3162
3141	881
3141	3069
1321	3141
770	1598
2311	1598
1598	1166
1598	13
3141	13
2883	92
3773	284
284	2731
3415	3454
3454	2531
2322	3454
3041	3454
3454	3638
650	3454
3454	1448
3638	3454
924	3454
3454	2168
2731	3454
3454	1448
3454	1874
3454	2526
1378	3454
2533	3454
3454	2223
1395	3454
1672	3454
2443	154
3545	3878
2445	692
1900	920
732	2875
4141	3416
4116	53
3041	1190
3335	1615
4203	4199
1385	1615
2526	2533
4118	3041
3405	1385
1448	1615
1615	661
2526	3041
1330	4116
3041	3743
3390	3041
1329	4118
4118	1329
1615	1417
3335	4199
4158	3902
2731	1615
4116	4113
4203	352
352	4141
3404	4141
3041	3415
1330	4118
4136	4118
4116	3041
1615	874
3404	3041
4113	3041
893	1385
4141	661
661	3639
874	3422
2322	3405
352	1378
3772	3404
2168	3404
3405	285
732	3404
3404	352
3404	1321
3405	285
3404	3902
1900	3404
3405	558
3405	4126
3405	3390
1321	3404
293	3405
3404	4199
3041	3046
1987	3405
3404	3416
3416	3404
1352	1606
3405	3415
3404	688
3404	2533
1352	4046
1619	1385
3405	2731
3405	4118
140	3405
1618	1900
558	901
3041	3404
3404	1448
4197	1448
3416	3404
1611	4141
2104	3416
3416	3415
3416	3454
3416	2531
1615	1321
3743	3416
3048	688
352	3335
3041	3416
3416	1385
352	3416
1900	4112
3415	3416
3415	3638
3048	1900
2875	1321
4199	1352
4112	1321
2731	3416
4175	3416
2535	3638
3416	3415
3415	3048
4112	3416
4046	3335
1987	3416
2531	3416
3715	3416
3048	1321
4046	1479
1321	2531
4139	661
4112	1448
2535	874
3639	3416
4158	3416
4116	1321
1321	4157
3041	2526
352	2731
3390	3416
3416	4116
688	3416
2531	661
874	4199
4112	688
4112	3416
1385	1321
1440	4109
1385	3416
2526	3416
1321	1615
2535	3416
1408	4116
3416	1378
4139	4118
3416	3041
3416	3638
732	3416
4199	2533
1330	2531
1321	4112
4116	2533
3416	352
1408	2533
4109	3415
3454	3416
4139	3416
4112	4118
3048	2531
4139	874
2875	3416
3416	1378
3048	4116
3416	3405
3416	3639
4116	3416
2531	1385
2531	3416
3416	3404
1408	1330
4112	2168
4199	3416
688	3773
4118	688
1385	4158
688	3636
2533	4124
1987	3743
1352	3743
1900	2531
2609	351
352	688
3416	4116
688	352
3335	4154
2531	1385
688	3454
1352	3639
4124	732
2350	2531
688	3422
975	2526
732	1321
1408	1330
1611	1615
732	260
688	4127
4116	732
661	4199
1432	2533
3415	4127
732	1900
975	3415
1900	4016
3639	688
688	2163
688	3041
2533	4109
688	985
688	1615
1729	2045
2045	4117
1377	4046
3416	732
1900	666
661	4116
3335	3633
3743	3048
1610	1987
2609	3415
352	688
1900	3638
661	1615
3416	688
688	1448
732	2526
2531	688
2526	688
4109	688
710	267
3405	267
267	3454
3405	267
267	2153
3454	574
3416	3454
786	3454
3454	650
4118	3454
2875	3454
2210	3454
3454	518
3454	688
891	3454
1884	3454
3454	3385
4109	3454
3454	700
650	3454
2202	3454
2590	3454
3454	2590
3272	3454
3454	2214
2123	3390
2104	3454
1166	3454
2104	3454
733	3454
1464	2214
3454	225
2588	1166
2506	3454
3454	3272
3454	2104
3454	3611
2731	3454
3773	3454
3454	506
3611	3454
352	3454
3454	2322
3454	3611
225	3454
3611	3454
3454	3638
3390	2123
3454	2223
506	3454
920	3454
1448	3454
3454	2104
3454	1448
3611	3454
1321	3454
2322	3454
1381	3454
3454	1166
3773	3454
3454	1432
2223	3454
3454	2731
3454	3772
3405	3454
2123	3454
2856	3454
3454	2223
3638	3454
2475	3454
3454	3390
3454	1448
1166	2588
3454	985
3772	3454
1448	689
3454	3611
2322	3454
225	2322
2475	3454
4112	3445
84	209
3255	3735
667	209
2509	3772
3346	1836
1180	2509
3772	1180
2509	1180
3346	1180
2509	2704
3772	2509
1180	3772
3772	1836
1836	3346
3772	1180
2506	2509
3346	3772
1836	3772
719	506
3972	1485
3972	3411
3649	3411
3649	3714
2509	1836
2506	2509
3772	1658
2505	3772
2509	2506
1658	3772
1897	3772
1003	2443
1003	2656
1630	2588
1630	1448
4022	23
867	4022
612	1630
1630	612
1630	1166
1630	1807
1630	1062
1630	2239
1630	2952
1448	2123
256	1448
1448	118
745	256
709	3269
234	2674
1466	2123
928	3272
928	2966
2879	3378
3269	234
2123	3261
2123	2584
2879	2966
928	3106
928	3517
2724	2215
2879	3272
1998	2693
2123	2966
3274	3378
928	3378
2966	2123
1998	2966
3269	3272
1998	3272
1998	3517
3269	3106
2709	3207
3378	3207
2828	376
376	1845
285	112
776	920
112	985
1491	1873
3599	1845
376	3449
2475	1693
1845	2943
770	2475
1340	689
689	2943
689	41
920	25
376	2178
3024	1252
41	2828
2928	376
1491	920
3024	2828
3523	1592
689	920
1998	3378
1998	3661
3333	2590
877	2879
2590	3333
2123	274
2123	1146
1998	2724
1998	476
2374	1146
1998	274
1998	2590
2123	936
928	1146
1324	1146
2123	760
1998	1146
1998	792
3288	1146
1408	285
688	2883
1448	3405
732	2731
3346	3405
700	3405
3404	4197
3405	285
1900	3404
3404	3416
2883	3405
4197	1408
1900	3422
688	3404
663	1618
2506	3405
3335	3422
3416	4136
285	3405
3416	3404
3404	4118
3415	2149
1378	2168
3405	732
2609	1330
1987	1469
3404	4116
2609	4199
3416	3422
3404	1987
3422	1321
3422	3638
3415	1377
1385	3405
3405	2883
1698	3405
1385	3405
3405	3639
3422	1469
1378	3422
2731	874
2168	1378
4139	874
4109	3773
4019	1790
815	80
2104	786
786	3454
2322	786
786	985
786	2104
1587	4162
924	1587
2191	3597
1587	2792
3772	1826
3870	3772
3772	1180
1180	3772
1826	3638
1826	3772
2101	1166
2265	226
226	2265
417	2739
417	1004
143	2478
1558	1040
26	1568
1568	1558
1004	143
143	1568
1004	2263
1740	113
2478	143
143	1380
648	3049
4199	113
1352	4199
2419	3078
2176	627
2176	2970
2265	86
2150	1994
3982	87
2214	4212
4212	1630
4212	1448
4212	3454
4212	3342
3342	4212
352	4212
2588	1225
2347	4212
2588	4212
3773	4212
710	4212
3405	4212
2123	4212
2590	4212
3707	4212
476	4212
3272	4212
4212	4019
4212	4107
4212	815
4212	2214
1225	2104
4212	3563
1225	2101
4212	983
2443	4212
4212	2357
4212	3162
285	4212
4212	296
4212	2104
4212	3944
4212	391
4212	1364
4212	113
4212	2983
4212	1380
4212	528
4212	1124
4212	2809
2809	4212
2104	1225
4212	521
4212	2153
2995	1225
4212	3959
4212	2028
4212	988
3390	2509
865	3390
3636	3389
3346	3390
2731	3390
3985	866
3390	3773
2509	866
1897	3390
866	1600
1600	3389
1630	2131
567	2131
2131	612
3061	1324
1004	2076
3579	2076
2176	2076
2970	4212
2970	2076
2076	2970
2076	3395
2076	3342
2076	3130
2969	2076
3342	2076
2893	2076
3247	2076
526	2076
1364	2076
521	2076
4212	2076
2983	2076
1166	2076
3162	2076
2357	2076
391	2076
2478	2076
2588	2076
2970	1184
296	2076
2970	2811
2104	2076
2443	2076
2811	2076
2076	2811
2076	296
2076	1166
1415	2076
113	2076
2076	391
2076	2176
2076	2214
2076	2103
526	521
526	528
526	2478
1493	3753
526	3753
764	526
526	723
526	3563
526	3959
526	296
526	2176
526	113
1493	526
427	4227
2104	285
3611	285
2506	285
3773	285
3346	285
3772	285
3390	285
2731	285
225	285
1180	285
285	2443
285	2506
2322	285
506	285
2223	285
285	3390
2883	1166
2883	285
3773	285
285	2104
1321	285
285	2883
285	1448
3638	285
1448	285
1900	285
284	1729
284	942
284	666
284	4199
1395	3876
700	284
1587	284
1408	2883
284	700
284	3600
2518	284
2883	284
284	2518
2531	2883
285	1217
285	2883
3960	285
701	285
285	1874
1698	285
1217	285
285	3873
1448	285
285	2875
285	1395
2883	285
285	3876
2883	285
3633	285
864	285
865	285
700	285
285	701
603	1166
603	3563
3936	1166
2588	2214
1415	1279
1415	2739
815	1279
417	1279
1166	3714
1011	1248
2739	1273
1279	453
2204	1279
1273	1279
2103	1056
1279	1903
2104	732
3346	3743
4118	3743
3743	4109
1378	3743
3743	4116
1352	2070
1900	4116
4116	3743
4116	2531
732	2104
3743	1900
139	4116
663	3743
4211	663
893	3743
3407	688
1321	3743
2537	1611
1378	4154
688	3416
1841	4116
688	3335
732	3743
688	3404
1900	3743
4016	2526
3416	906
352	2045
3404	688
3639	1987
688	1729
2045	4154
2322	3611
3611	574
28	2322
2322	3611
3611	2322
28	506
28	3611
506	2322
1357	3638
3773	3638
2506	3638
1698	2506
3638	3773
3633	2168
3638	2731
2687	3638
225	733
2417	2534
113	3923
113	209
2811	3849
113	2754
113	2198
113	2541
3182	87
113	87
2811	2970
1023	1279
113	2262
2162	32
113	3714
113	296
3182	2198
1023	2262
2811	1115
2811	3707
113	1108
1023	1108
113	815
2534	3707
2811	4228
3707	2983
1485	2983
2445	2983
2983	521
492	143
2263	2983
1731	3233
1731	4229
4011	1597
1491	4230
521	1986
4075	113
521	3714
1874	1415
603	113
521	449
2478	449
1004	1177
1166	1177
1380	1177
521	2198
1004	1279
148	2480
522	1115
785	1279
521	3333
113	2984
1380	3714
522	1279
786	2103
522	3411
522	87
1380	1279
113	1279
2103	1177
3943	1279
318	1279
2262	3853
2764	1279
2103	1747
2214	1747
3563	1279
3563	1874
2214	3714
1093	3714
1273	1279
3849	1556
962	521
2400	521
3849	1166
3849	296
3849	2811
3849	2176
1556	1321
1556	1884
1556	3773
1556	285
1556	3454
1556	455
1556	352
1556	3405
1556	612
1556	2952
1556	1630
1556	1381
1556	3390
1556	2223
1556	942
2497	1556
888	1556
1556	2202
1955	1556
2475	1556
92	1556
920	1556
2399	1556
214	1556
23	1556
1062	1556
2511	1556
3272	1556
2123	1556
1464	1556
3693	1556
2347	1556
3791	1556
2419	1556
1916	1556
2511	1556
2300	1556
967	1556
710	1556
4022	1556
1653	1556
3141	1556
427	1557
1556	1807
427	1557
1556	3800
1556	689
1556	2809
985	1556
60	1556
2588	1556
1556	92
1556	2588
1556	2176
1556	2605
1556	2983
1556	2478
1556	86
1556	427
1556	2076
1556	2104
1556	3480
1556	2150
1556	528
1556	1290
2875	1491
1556	424
1556	2739
1556	2103
1556	988
1556	113
1556	296
1556	391
3959	1556
1556	1568
1556	3579
1556	3944
1556	1380
3579	1556
1556	2214
1556	4212
1556	1415
1556	3162
1556	1004
1364	1556
391	1556
1556	132
1556	2446
1556	2665
1556	815
3707	1556
2357	1556
1556	2357
2478	1556
1556	267
1556	521
1556	1225
3162	1556
143	1556
1556	460
1556	3849
1556	2265
1557	267
1556	3959
1556	785
1556	3123
1556	3563
1556	1364
2201	1556
4212	1556
1556	1166
1568	2109
132	1556
1556	1073
30	1556
3806	1556
1556	2162
1556	2153
1556	3929
1166	1556
132	2482
1556	318
1558	143
1853	1556
1558	1568
454	1556
2809	1556
1556	960
1556	319
1558	960
2719	132
1558	132
1556	2719
1556	2198
1556	1740
1556	3456
1556	143
143	132
1556	329
1004	1556
521	1556
1556	3707
2575	1556
132	1568
142	1556
1568	132
26	1556
37	132
1556	1019
26	132
1556	3703
1556	1219
3867	1558
1556	132
1556	3473
1740	1556
2684	1558
1729	1556
1556	3342
3929	132
1073	132
1556	26
1558	2103
2104	1556
1558	521
867	2651
143	1558
3306	132
1556	3806
4190	1556
3342	1556
30	132
355	1556
1040	1556
1166	1557
2719	1558
194	112
985	194
1556	194
892	3856
194	3856
3707	1994
1176	3800
3579	2162
2831	2265
2357	2265
2162	4212
2265	3155
3822	2150
2588	1788
920	1788
3411	1788
786	1788
1788	391
1788	1556
1788	3411
3636	1806
3633	1806
3636	2289
1698	1806
1806	3633
2847	3636
3633	2847
1806	3636
3635	1806
530	2590
920	2590
2475	2590
710	352
3272	3454
710	1448
2123	3405
3272	3405
3272	1448
3707	2590
2590	3707
3272	3638
3272	1166
3272	2799
1464	2478
3272	3405
3707	3272
3272	2104
1448	2590
4022	3272
2590	4212
2322	2123
710	2104
3611	2123
710	2478
710	1166
710	521
710	113
2590	1166
2590	296
3342	710
3611	1464
2590	1017
2590	1998
3342	2590
3130	1464
530	1464
1464	1166
2123	2104
3342	1464
2590	2076
2590	2475
1451	1319
1448	3272
2590	920
3342	4022
710	2809
3329	1464
1451	2590
3454	3272
2322	2123
3272	1660
3272	1451
1464	3611
2590	3269
1464	2104
2590	2104
2123	1451
2590	1998
530	1464
1451	710
3272	1166
2590	530
4022	2123
2590	3342
4022	1166
745	3272
2590	2104
4022	2104
4022	3272
710	3272
1448	710
3638	3272
4022	3342
688	3272
710	2104
3272	2590
3272	2104
1464	3130
2590	3272
2590	3707
3272	710
352	710
710	2123
3272	4022
2955	1464
1464	530
1464	3342
3207	2590
2715	2590
2123	2590
3269	2590
928	3272
928	3274
710	3342
3272	274
2123	274
1464	3329
3272	3707
928	2123
3269	4022
3405	3272
3272	4022
1464	455
3611	3272
2590	3272
455	1464
3272	2590
3272	760
2966	2590
3269	710
710	1103
2123	3272
1451	1464
2062	1464
2123	2724
3272	214
2123	4022
2123	2322
2123	760
2058	928
3272	2709
3272	3454
3272	3102
3272	2966
1660	928
928	2590
2123	3611
3378	4022
3272	1085
38	2590
4022	3537
1998	2590
2123	4022
1850	928
1319	3773
3272	4022
3272	3308
3772	3272
3378	2590
3272	2590
3272	225
3272	2966
2123	2590
2123	710
1451	928
3272	3378
3272	3282
1166	710
3272	710
2104	4022
2966	710
3272	2314
3378	710
1660	3272
3272	3611
1998	4022
3272	2590
3272	1174
1451	2123
3272	3207
1850	2123
4131	2656
118	1448
118	1448
2129	1850
985	3416
785	2590
2724	877
2724	2129
1011	2871
2674	2129
785	985
785	2871
2123	2129
2709	2129
785	3416
2674	2129
2347	1323
2809	2871
2674	711
2129	3263
877	2129
711	877
2871	2129
877	2709
2129	1103
455	2347
2709	1850
2129	877
877	2129
118	3416
3329	530
2129	532
2871	1581
2129	2674
928	2129
2129	711
2129	928
2129	3661
2674	2709
711	2129
2129	1299
2590	2871
2129	2588
2129	928
2129	3122
2129	2588
2129	1985
3545	1003
4149	3452
427	2447
1895	2443
4149	3700
3250	2733
4149	1877
4149	3545
3693	1877
2443	1994
2447	3707
2443	1994
2445	4149
2443	143
2443	4149
2443	3545
1003	4149
4149	2443
2443	143
2443	1674
2443	3452
3452	2443
2443	2662
2443	3127
18	2443
4116	3902
4109	3902
1987	4136
1987	1408
2350	1352
1695	2129
3545	3601
3170	1877
3601	267
2446	3252
2446	2658
2446	2182
2446	3904
2446	1003
2446	1674
2446	1840
2446	2194
2446	3250
2446	3545
2446	2547
3390	3693
3693	1884
3693	1556
3693	285
3693	3390
3693	2475
3693	112
3693	1674
1112	1741
92	3693
2446	3898
3773	3638
2509	3773
3346	3773
1547	3773
3773	3346
3638	2509
3773	1357
3773	3346
2509	1547
3390	1432
3390	865
1698	1432
2601	3743
3635	1432
1549	1700
2483	1700
1432	1381
1432	3454
1432	2601
1381	3633
1477	1432
865	1432
1432	3638
545	1381
1381	1432
2601	2609
1356	1432
1432	3973
600	1381
1381	3638
3454	1381
285	1432
865	1381
600	1381
1432	2601
1432	865
1381	1432
2601	3405
802	1432
1381	948
2322	1432
3611	1432
3611	1381
4137	1432
3638	1381
3454	1381
3773	1432
1381	688
1432	1381
1432	1381
1381	1432
1448	1381
1448	1432
1432	3454
1432	3056
864	1381
865	1432
1432	1356
1356	1432
1381	1432
1381	865
1432	2882
1321	1432
3772	1381
1432	1381
1477	1432
600	1381
285	1432
2882	1381
1381	1432
2104	1448
2123	2104
3962	2103
2724	2214
603	2103
2347	2104
3378	2104
476	2104
2409	2103
2588	2104
2724	2103
2590	2104
3272	2104
2123	2104
3405	2104
2588	2104
3272	2104
985	2104
3611	1448
2322	1448
3611	924
3611	2123
506	2123
225	2322
2123	506
506	2856
2856	3611
3050	506
2501	3611
2856	2322
891	3611
2501	506
506	924
2856	506
244	3611
891	2856
2123	2322
225	506
3611	2856
506	28
506	2322
1709	2856
3611	506
2322	1433
506	2170
891	506
28	602
2123	3611
2856	4047
2856	814
2856	466
2856	2594
2322	2856
506	2322
3611	506
3611	76
775	3611
506	3611
2322	506
3611	1256
2322	1256
3611	2322
2856	3611
2322	3611
506	2170
3611	2953
2856	301
2322	602
271	3611
1370	506
2322	733
2856	2948
574	3611
574	506
3665	3611
2856	515
3803	506
3611	602
602	506
2322	28
3611	1256
2322	3611
3611	2322
3611	2322
560	2856
3611	2322
2005	2322
28	2322
3611	2322
689	2943
376	920
920	1252
2475	920
920	1340
920	3449
920	3937
920	2475
3747	2413
856	3747
3447	3207
1318	3747
3447	3747
856	3747
3378	1318
2344	1318
3747	2345
2588	2345
1167	3202
390	1166
2541	2775
113	296
3707	296
414	1986
1124	2176
296	2478
3395	3713
3325	3713
1124	2811
3162	296
296	113
296	2811
296	203
296	2198
296	2809
296	3162
296	2357
113	3162
2811	296
203	296
296	2983
296	2103
296	521
3162	2103
296	414
414	3713
296	3325
2781	296
3395	296
2176	296
296	2176
414	296
87	296
296	2176
1279	2809
86	296
2781	87
86	3923
3162	3959
3713	296
296	2811
1279	296
296	2076
2176	296
3293	296
3714	87
296	2781
1496	296
928	2103
4019	528
3791	3933
584	2103
3791	2103
3933	1451
3933	1660
3933	1850
3933	2058
3791	584
584	10
3791	1018
584	1359
1018	1359
584	3954
584	1018
584	2049
584	3104
584	800
3933	3791
584	1158
584	3791
1998	3791
1018	3791
386	453
3555	11
2739	2729
2739	1130
3828	513
815	2741
3828	2449
3828	2741
2739	1273
3828	1880
1091	3827
3828	3168
386	3827
3827	3568
3828	2387
1485	2156
964	1788
1788	3489
3597	4162
269	1673
3031	2931
3597	440
2191	2208
2774	281
994	2839
1586	283
2210	3721
3597	289
4231	324
2763	2839
108	1979
3361	108
3674	2792
3071	2191
3489	2106
764	2176
1493	2106
526	2808
841	2106
526	2106
528	87
3959	3707
528	3707
4019	2106
3489	978
528	2106
3480	2204
526	2754
1731	209
1731	2106
2982	2106
1220	3565
528	3545
2106	1736
2106	1859
2106	3649
2106	2995
4019	2262
1731	1023
3489	2355
2106	1994
3959	1776
2355	3753
528	4019
390	1790
2106	3756
2204	1220
3160	526
1790	2982
2106	209
2106	3687
3555	3617
978	528
978	1731
1994	1493
978	1220
4019	2204
2355	526
2106	3972
2106	764
1747	390
1747	815
1747	1166
1747	2809
1747	2103
1747	521
1747	113
3611	1190
1190	2588
1190	285
3415	4118
650	4118
1865	4118
3390	4118
1615	3902
3048	352
3041	4118
3743	4118
3415	1190
2875	4118
285	4118
1190	2731
3416	3404
1440	1378
1987	663
1190	352
4118	285
661	1615
1987	4109
3773	1190
1190	874
4118	1900
1378	732
4118	1865
4116	4118
4118	874
2531	1987
1385	4199
874	1190
4199	4118
3048	2223
3416	3743
3404	3416
1884	4118
3415	1378
4116	1190
1385	4141
1321	4118
661	1378
1440	1385
1190	3041
3048	2533
3048	2531
3041	1385
4118	352
1190	4116
3404	1190
1190	2533
1330	4118
732	1378
1190	2531
3743	661
4199	4158
2123	4118
1190	1321
1190	1330
874	4118
4175	2531
1190	2168
3048	2168
732	4118
4118	3404
1352	663
2531	4118
1190	3404
1987	2531
732	1190
1378	1329
4109	4118
4113	1448
1615	2809
4131	2446
2503	2443
3545	2657
2443	3545
2657	3545
2443	3170
2446	1741
3545	3488
1790	336
2535	3416
1762	3704
