# number nodes: 4224
# number links: 9537
# hub: Atlanta Hartsfield-Jackson Airport (ATL)
# Date/Time: 27.11.2018/14:45
2531	1385
2531	1352
874	4112
4137	1321
3415	4199
1330	4118
1987	1321
3039	4116
2533	2531
1330	3743
745	3378
745	2123
3661	745
4093	745
274	3207
745	2724
2709	745
2478	414
3199	391
2085	1166
2911	2085
521	209
391	209
1364	3515
2809	209
1364	1418
1415	209
113	209
3563	209
1004	209
1004	3735
209	2104
209	1225
2176	209
209	2357
2214	209
2103	209
3735	209
3115	209
3735	1166
209	3334
209	3735
209	521
209	3162
2076	988
2478	988
3162	988
3959	988
2198	988
988	2983
988	710
988	476
1986	988
2809	988
988	1765
988	2103
988	1986
1017	823
3408	476
988	3272
988	4022
1248	988
2103	988
988	2214
1017	988
988	1108
988	1279
988	2104
988	113
823	2104
507	823
2809	823
2104	988
988	2871
2103	1834
988	2101
988	3714
1321	2445
1448	2445
3773	2445
1381	2445
3405	2445
3390	2445
2445	1399
2883	2445
285	2445
2202	2445
2445	3405
2445	2809
786	2445
2445	2588
2445	2347
2445	3714
2445	352
3707	2445
2445	2809
2176	2445
296	2445
3162	2445
2445	296
92	2445
460	2445
2162	2445
3579	2445
3923	2445
2357	2445
2445	1994
2541	2445
2104	2445
2809	2445
427	2445
200	2445
3488	2445
2445	3707
3489	2445
3707	2445
2445	3488
521	2445
1364	2445
528	2445
4149	2445
2656	2445
2445	3162
2445	2588
3944	2445
2445	2357
3959	2445
2198	2445
815	2445
2605	2445
2445	2104
2445	116
2445	3452
2445	1004
2445	1556
2445	113
2445	2983
2983	2445
1225	2445
4019	2445
4152	2445
363	2445
2445	2498
1380	2445
87	2445
3162	2445
2445	2478
267	2445
209	2445
4212	2445
2739	2445
2445	521
2445	547
2657	2445
2445	920
2445	202
1556	2445
2445	2182
2445	1166
1994	2445
983	2445
2478	2445
3761	2445
113	2445
1542	2445
3488	2445
3545	2445
296	2445
305	2445
2809	2445
2445	390
390	2445
2445	3350
2445	2194
1166	2445
2445	4149
2614	2445
985	2445
2613	2445
2445	3488
2445	1741
2445	178
2445	686
2445	2481
2445	3877
2445	2721
2445	3959
2445	3545
2445	2377
3545	2445
2445	3352
390	2445
3123	2445
1004	2445
2445	3545
2104	2445
2445	4152
2983	2445
530	603
530	2588
530	2347
3133	529
530	2347
530	3838
530	3329
530	3245
530	3130
2332	529
529	3329
529	3133
3108	529
2572	529
820	529
530	3265
530	2969
2415	529
530	3814
530	205
253	529
529	3278
529	3903
2028	3405
2028	285
376	2028
1448	2028
2028	3773
256	376
985	1448
2588	1011
2345	1566
2345	779
2675	2345
2345	3717
2345	530
2413	3390
3405	2345
2345	113
3773	2345
2345	3773
2588	2345
1174	1318
603	2345
2345	2336
2345	603
2345	1421
2345	3747
1318	2345
1318	3747
2413	2345
2345	2413
2345	1318
1318	603
2345	3021
2588	2345
455	2345
2345	2347
3273	2345
2345	2123
2062	2345
3342	2345
2345	603
1399	2345
2176	2345
2345	2588
2345	3970
1318	214
2345	751
2345	595
2345	717
2345	3678
2345	3113
750	2345
2345	603
2413	3947
717	2345
2345	4180
856	2345
2413	3005
3862	2345
2336	2345
717	2413
2301	2345
3283	2413
2345	856
2382	3849
81	377
352	2811
2811	597
86	2811
86	2162
2811	2713
2970	2811
86	2104
86	2811
355	86
2343	86
86	2419
86	2809
2811	3762
810	2809
135	2809
2809	429
3162	86
1556	2713
86	2265
2809	86
2060	86
3393	2162
2713	2162
3457	2917
2511	3410
2443	3410
3410	942
2809	2262
1788	3410
3410	64
32	3563
1598	3410
3634	3410
3410	2475
521	2502
3410	3233
3410	1729
256	3410
3700	3410
1115	3800
3671	2809
1598	3491
627	296
920	3410
3141	3410
3902	3410
3410	256
200	2104
200	985
200	1166
113	221
92	1556
92	2445
200	92
92	1788
200	1556
221	92
2028	503
3123	2076
3123	1994
2605	3123
2103	3123
3959	3649
3972	2809
3123	3563
3123	1415
1788	3123
528	3123
417	3123
3123	3649
3123	3972
985	2104
1192	1630
558	650
558	865
558	1448
558	2168
558	3638
558	1381
3141	3491
920	3933
3611	3933
506	3933
3791	2475
3791	920
3791	3342
3933	2322
3933	506
3933	3611
1448	3791
2104	3791
3933	920
1166	3791
1166	2419
3162	2419
3390	3933
521	2419
3772	3791
3707	3791
3773	3933
3390	3791
352	3933
1660	3933
352	3791
1150	3791
2357	3791
2478	3791
2104	3791
2809	3791
2550	3791
2104	2746
877	3791
3791	3933
2419	3933
3049	3791
2809	2419
3537	3791
1166	584
1359	3535
3791	584
3104	3791
2746	3933
2746	2590
2104	584
2419	4094
3791	4023
3357	3791
2104	2419
2419	3791
3791	3933
2746	584
3104	584
3791	2746
1150	584
1359	3791
2403	3791
4094	3791
2345	3933
1265	1359
3791	3742
4150	1018
3791	584
2746	3791
842	3933
584	3933
3791	2123
530	3791
3104	3933
710	2419
3791	710
3791	3104
3791	677
3791	2403
2104	1359
4094	3357
3791	1018
1464	584
3791	274
3791	4094
2419	710
4094	3933
3791	3357
1158	3933
4094	584
3791	2104
3791	3218
3954	3933
3791	3583
2993	3933
2419	1018
2105	3791
3791	1359
2871	2419
3791	2550
3791	3272
3791	2590
2062	3791
1451	3933
2419	1146
3791	603
1399	3791
3791	3019
3791	2049
2724	2419
2724	3791
2419	2724
3791	2791
3791	2345
3791	2347
2811	2960
2811	2917
2811	2270
3457	2917
3812	2364
4116	4203
1330	4124
2047	4116
3405	1166
352	2590
352	2104
352	2123
352	4022
352	2419
352	2809
352	3162
2123	3416
352	3563
352	1166
352	2104
352	1587
352	2123
225	352
2123	352
352	1464
1451	352
352	3454
352	3933
352	3272
352	1884
2731	688
2322	352
3611	352
352	2883
2883	1378
352	700
3335	352
2357	3405
3772	352
688	786
1448	352
352	1448
3638	352
2478	352
3743	1321
4046	1987
352	3416
1321	688
352	2223
3638	732
688	3335
352	688
3405	4158
1321	352
3636	3743
3335	732
4158	1378
3743	285
661	1408
3416	352
3743	3416
661	3405
2526	352
688	352
352	663
3772	352
1209	352
1900	3405
3405	732
4175	1321
352	285
352	2609
3959	352
688	2883
1617	352
1385	3405
3404	352
1408	688
3335	352
1352	352
352	2475
732	352
3416	688
352	3404
352	3902
4046	1900
1352	3405
3404	1321
3743	1321
4116	352
661	4109
352	732
352	1385
1330	352
352	3405
688	1352
1900	688
3404	3743
352	1432
285	352
352	4116
1702	352
1321	352
1448	352
352	1330
352	1190
1856	3743
1479	688
3743	1321
1321	688
352	3404
3416	688
3404	688
352	4118
3743	1385
1385	688
688	352
1166	688
3902	4175
688	2533
2531	352
4109	352
4116	352
3404	732
1479	352
1190	732
3902	352
688	3405
352	2531
3427	3743
3743	1352
4155	352
352	2123
1440	3405
53	1987
2533	352
3335	3743
732	3405
2609	732
4158	352
352	688
887	352
3416	352
352	688
352	1321
3404	352
4118	352
4199	688
352	1900
1188	352
2155	1321
53	688
352	716
352	975
352	4158
352	4140
3405	113
2123	3405
118	710
3405	2731
352	3405
3537	1140
3537	2374
321	2265
48	2811
321	2811
48	2265
14	803
14	867
14	835
14	277
300	2478
2478	2605
3950	1166
3944	2478
764	2478
1124	2478
3325	277
113	2176
2103	2176
2809	2198
205	820
2176	2357
2198	4191
2176	2781
2176	2
2176	3162
2176	2811
1496	2176
2781	2811
3773	2809
3638	2809
3405	2809
4109	2809
3275	2809
285	2809
2809	2588
2809	1951
2809	287
2345	2809
2809	2347
2809	3342
2809	613
2809	3130
2809	1464
2809	603
2809	3933
2809	2475
2809	3272
2809	376
2809	214
2809	920
2811	646
2809	2123
2809	3707
2809	710
2809	3849
2809	2345
2809	2051
4019	2809
2809	627
2809	2445
2809	4152
2809	3390
2811	2270
2605	2162
2270	646
3800	2811
2811	409
526	2809
587	2811
2265	2811
2809	2731
2809	2214
2809	985
2809	3773
209	2809
2809	2478
2809	2588
2811	2831
3800	2162
2811	3800
2262	2809
2809	1432
2104	2809
2809	2791
2809	1172
2811	2605
2809	23
2809	424
113	2809
3063	2809
2534	2162
2347	2960
2511	2811
2809	4022
2811	2588
469	2162
2809	2104
2809	214
2809	2419
2809	4019
2809	1399
2809	3405
1788	2809
2357	2809
3799	2811
460	2809
2445	2809
2176	2809
2811	501
2811	2605
2417	2809
815	1687
1687	2666
3469	1687
2666	1687
1687	1511
4141	1329
4127	1330
874	1329
1329	4109
3773	1448
3638	1448
2731	1448
3390	1448
2506	1448
1021	3112
710	920
920	2809
920	1166
920	815
2104	920
920	2357
920	3611
920	2104
920	2176
1448	920
112	424
985	1873
1845	2475
920	1598
376	920
920	1491
920	689
2475	770
231	920
689	920
1845	920
920	2475
920	376
920	231
376	2475
2475	3823
689	3823
3076	2475
2475	689
1340	1845
1491	1598
2475	41
2475	920
2104	41
920	405
1476	376
920	3914
2104	2475
3964	1491
920	3272
3024	920
920	770
1252	2475
1845	942
112	920
689	1491
3823	920
2828	920
256	1873
3410	1873
112	985
2483	770
3758	3454
3937	3410
1916	1873
967	1873
3454	2178
3410	770
985	1873
2419	1914
3049	3371
2357	2588
2357	1399
2357	1969
2357	575
3162	2695
2775	2357
4137	2217
2561	4137
2168	285
2168	352
1408	2168
2168	3404
2168	865
1698	2168
3638	2168
2168	1381
352	2168
4118	2168
3405	2168
2168	3638
144	2647
113	2150
2103	2150
2104	2150
2478	2150
2150	2478
2356	2150
2952	612
2511	2952
723	2109
723	2357
4090	1630
4010	612
225	2123
225	2856
225	3272
1448	225
225	1451
3773	225
2856	225
3638	225
225	3405
3454	225
3454	2954
896	2789
3535	3225
3390	1448
3390	865
1630	3956
2952	3956
3773	2799
2103	3791
2809	2419
2214	3791
3791	3933
3791	3026
3791	603
2709	711
3280	3333
90	745
3207	90
1611	1884
284	663
1448	1884
2856	924
1884	650
2883	4109
2223	924
284	1584
1340	376
2223	284
284	1448
284	1587
284	2168
1252	920
920	376
1884	1865
732	284
284	1321
1632	1865
284	3454
284	1632
2856	924
284	1381
1448	284
1889	1884
1864	1889
1448	1865
284	3416
1522	1252
1884	924
2168	1884
1889	1884
2168	2223
924	1884
284	2518
2379	1884
1900	1884
284	4116
1889	1884
1884	2379
284	924
1884	3439
284	3876
1698	2223
2098	1884
3627	2223
1884	1865
4137	1884
420	1884
2883	700
2223	894
284	1432
1884	3977
3454	924
3600	284
3454	1587
1448	2883
3873	284
1884	1874
3024	920
284	2883
1321	1884
2845	3454
3454	284
1884	3758
284	2202
284	3444
1395	284
2883	1884
3297	1884
1884	1864
1448	1884
3699	1884
1884	786
284	700
376	3977
924	1587
1884	3454
1884	1865
1874	700
2845	1884
1491	1252
2845	2883
1864	1884
650	2223
1781	284
1884	1889
2883	284
1889	2379
1865	1889
1672	2223
1884	1865
2168	700
1632	1889
1587	1884
283	1884
700	1781
1884	1889
284	2875
2223	650
2516	284
284	2883
1884	284
920	1340
1941	1884
284	376
2845	1632
1884	2883
1884	1587
284	4137
1632	1884
1884	284
4109	284
284	1587
1874	284
1884	1632
3699	1865
3390	1884
284	3390
1884	3638
1598	1884
1884	4116
1884	688
1256	1884
3773	284
1884	732
1884	352
1884	3405
2731	1884
1884	3597
924	3597
2862	1598
2862	3141
985	1549
1955	1598
1700	1549
2473	2316
2445	3454
2445	3405
710	2445
2445	3405
2445	352
3390	1448
4191	2445
3773	3390
2445	2739
2028	2357
2652	3773
3800	2356
144	1630
1435	612
1630	3119
1630	2891
363	2104
209	363
733	225
2784	733
118	2123
2058	3378
1850	3378
1660	3378
2123	2590
2588	3378
118	3378
274	3269
2590	3378
214	3378
2871	2123
1451	3378
4022	3272
3537	3378
476	3378
234	3378
2588	3272
2590	3272
2588	2123
476	3272
2724	3378
2588	1998
234	3272
2383	3378
877	3378
4022	2123
710	3378
2966	3378
2966	2123
1675	3378
274	2123
3517	3378
3378	118
928	3378
2374	3378
456	3378
1146	3378
2879	3378
2314	2966
4022	3378
3023	3378
2123	3378
878	3274
3378	2966
2871	3272
878	2966
2822	3378
476	2966
1085	3378
2966	3378
1695	3269
3517	2966
3378	3244
234	3274
4043	3378
2590	2123
2541	1790
963	27
3773	3162
2357	2588
3773	2357
3162	2345
3162	2588
3162	355
3162	575
2478	3162
2356	300
3162	627
2809	3162
300	2356
2356	3809
2101	2356
2356	3162
2356	1969
3162	1124
639	2356
209	2356
3162	3103
3162	296
3162	573
3162	2356
3162	1004
3162	2347
3162	2198
3162	113
3162	3950
2356	639
3162	2176
1166	2356
3162	3707
573	3162
3162	2588
2775	3162
3162	920
3772	1166
710	3772
3772	2588
3773	4022
3772	2104
3772	2809
3772	2478
2345	3773
3773	2345
3773	2588
3773	1432
3773	3454
3773	3272
3773	2123
3773	3274
3773	710
3773	920
285	3772
3773	1884
2123	3772
3773	285
3773	1587
3773	3454
3773	1448
3773	3378
3773	285
3773	1432
3454	1448
3611	3772
3773	3638
1166	3772
3773	3405
3773	1321
2509	3772
3773	1826
3346	3772
1180	3772
3773	1451
3346	3772
3772	3405
3772	3933
3772	1451
3773	3041
3772	3611
3029	1286
2725	3501
3029	1123
1520	3544
2725	1123
3029	4216
3024	1491
1571	920
770	376
2178	689
2475	403
920	1584
3964	3977
2026	2856
3244	416
928	1000
4079	3461
416	1292
928	1404
2123	2104
3611	2123
877	2871
3342	2123
225	2123
2879	877
877	106
877	3537
2588	2123
476	675
2123	2104
2588	3342
2123	1448
2104	3078
1448	877
1998	877
2123	3611
352	877
2123	225
1451	877
877	3272
877	2724
3272	675
2123	877
1451	2879
928	2871
1451	2123
1660	2879
1166	675
1451	2123
2176	2347
1660	2123
2104	710
2809	2871
2357	2588
2809	2588
2871	3272
3773	877
296	2347
2104	2871
2588	2123
3661	2871
2058	2879
2357	2347
3773	2123
476	877
2879	675
2104	877
1166	877
2347	877
2590	877
3390	877
1850	2879
3162	2871
3791	2347
2104	675
3772	2123
1998	675
2871	877
2104	2588
2214	2871
2809	877
2724	877
2478	2871
2724	2871
2590	2347
2809	2347
352	2123
2104	2347
2589	877
2590	877
214	877
4093	2347
4212	2871
2589	2347
2347	2589
4022	2347
1520	2879
476	2347
2347	936
2589	877
2809	710
2701	2879
2588	2879
3261	2347
3078	2123
476	2879
4022	877
2104	2123
2347	234
4093	877
2955	2347
4093	2123
1695	2347
2588	2123
4023	877
877	2347
877	2871
1146	2871
2899	2879
2588	3272
1324	2347
2104	877
1318	877
1581	877
2589	214
710	2347
760	2347
936	877
2871	2347
3661	2871
936	2347
2347	476
2347	2879
2588	877
2347	710
214	2123
4093	675
2724	877
2419	877
2724	877
2374	675
2347	2345
710	2347
476	710
710	2589
476	2347
2589	2374
903	877
2588	2347
274	2879
2104	710
503	2347
214	2871
3261	2123
675	877
2347	2960
4023	710
476	2871
2871	877
1573	675
1448	2123
2419	2347
476	2347
3773	710
2998	710
2589	2347
3078	877
3661	2879
2589	2724
1695	877
2899	2589
1159	877
2550	2123
675	2584
274	877
4093	710
2347	4023
603	877
3280	2347
4075	2347
2347	2123
877	1146
4022	2123
792	2123
2871	2879
2899	2347
3537	2347
455	2347
4051	2871
2899	877
476	4023
476	2123
2347	2589
3122	2347
710	2589
2129	2347
2347	2871
2347	877
113	2871
710	2879
710	877
2345	877
2329	4023
2589	3078
1695	4023
877	3661
1299	2347
214	710
4023	877
3244	877
2584	4023
4051	710
2622	877
2345	2347
2176	2871
2693	2871
3508	2871
1464	2879
234	2347
1299	2589
877	4023
476	877
2899	675
1581	710
392	2588
3078	2347
877	2123
1520	2347
3146	675
877	2123
425	877
2347	2588
1695	2879
382	710
2550	877
1695	675
3261	2871
3501	877
4023	2879
214	2589
3791	675
745	675
3447	877
1464	2347
1483	877
932	4023
2345	2871
2347	603
2329	2871
2871	3269
2347	928
2313	2347
2693	2123
2329	2347
1520	2123
476	877
671	877
2584	2347
2871	2374
4023	2347
234	2123
790	877
234	2879
3078	877
3261	675
745	2589
3537	4023
4023	2123
1695	2871
2899	2871
3333	2347
3327	2347
2588	1998
3061	2347
1520	877
792	2589
1299	877
710	476
3261	2879
3522	877
877	928
2374	877
3241	675
2589	710
2391	877
532	675
3843	710
214	877
2589	2550
2701	877
2589	2347
2588	2960
3122	877
710	2123
274	710
2701	2871
1146	877
2589	3122
877	2347
476	2589
4023	1835
1520	2589
710	2374
877	2899
2347	3791
675	877
1286	4023
1159	675
214	2347
1464	710
2871	603
51	675
3520	877
877	2715
2871	710
877	2879
710	1695
2550	2871
2693	877
3661	4023
675	4093
2329	675
928	877
4051	877
39	877
3537	877
2347	2584
2871	675
710	4023
2550	710
4023	3661
2104	2123
3648	877
675	4023
2998	675
3078	2871
1464	877
2550	2347
1286	877
1835	2364
710	2871
4023	2724
936	877
675	2590
344	877
877	2584
877	2550
760	2588
710	3272
745	2871
675	936
792	877
3241	675
792	2347
675	710
2589	877
675	3537
675	2724
2175	2871
3280	877
877	710
675	2123
2374	4023
3661	877
1089	877
675	928
675	1146
75	2123
2419	675
3537	2123
2062	2347
2790	877
2364	877
1573	4023
877	2589
82	877
382	877
1305	877
652	675
2409	2347
2374	2589
877	3269
675	2899
2550	675
675	2550
1803	2347
2871	1520
745	710
675	2347
3378	2879
1581	877
675	214
2701	2123
877	3791
3791	710
2589	4023
2588	2347
2550	877
3363	2871
1835	877
675	3269
3508	877
4023	710
1464	2123
2123	675
214	675
710	2871
934	675
3283	877
2584	675
675	3272
2347	2724
2347	4023
2374	2347
792	2879
1103	877
2871	928
2999	2347
877	382
675	2848
3272	2871
70	710
675	2879
675	3378
425	4023
1305	2871
792	877
877	4023
3363	877
3791	877
745	877
877	3122
1483	4023
903	2589
4064	710
2129	877
675	3351
710	877
675	3508
932	2871
476	675
1573	877
2589	675
425	2347
2871	2215
3378	877
2871	70
877	425
3272	2879
4023	4093
877	3078
877	1835
2079	710
2791	2347
2550	2589
877	1520
675	1695
877	2129
75	2879
792	4023
4023	2347
2589	3791
476	710
877	1998
2871	1835
3363	2347
4093	2871
936	2871
675	2998
877	75
2701	675
2347	1581
3843	877
675	532
936	2879
2871	2899
234	877
3836	877
675	2494
2590	675
2347	3275
2175	877
877	903
710	1305
603	2347
2871	3280
4023	70
2871	2329
877	603
3431	675
877	234
675	2329
1305	710
2589	476
675	3078
3207	877
877	675
760	2871
2871	745
652	877
476	4023
2123	2588
2871	239
675	274
2347	3537
2347	274
788	877
2589	2347
877	1466
2589	4083
659	877
4023	2589
3269	2879
877	936
3086	877
4023	476
2129	877
2871	2347
3274	2879
2347	3078
2871	4051
675	2044
2871	2123
877	1038
675	3122
2058	2123
3122	2589
2871	2693
1483	710
3207	2123
1038	2879
2871	214
2364	2879
675	3363
3272	877
3275	2347
932	675
2871	3661
919	877
2871	2701
2079	675
3275	877
710	1305
1299	4023
3461	877
1146	675
4023	2416
675	1299
1389	710
4023	671
2123	2871
70	675
3078	2589
2871	903
2966	877
877	1581
675	1110
675	425
3866	877
2724	710
675	3261
3269	877
2693	710
239	710
2966	2879
2693	675
1389	675
1323	2347
877	792
214	877
2347	2551
1229	2347
2347	2123
675	903
1835	903
877	2079
675	3661
710	745
675	710
675	671
584	877
1998	2879
877	214
1157	877
2347	792
2871	2550
710	382
3272	2123
2871	2622
75	710
2347	1464
877	2347
532	710
1695	877
3661	2347
877	828
456	2879
2347	2374
710	2175
1464	2871
932	877
710	3537
3933	877
2871	3143
4023	476
2584	2871
3244	2879
2329	2879
877	1695
4023	1998
2871	792
2871	3078
3272	2588
2329	877
877	2374
2724	675
710	3378
1038	2123
2709	2879
2079	4023
2871	710
4023	1695
1284	877
710	2701
3537	2589
2871	476
2347	877
675	2391
710	932
234	2871
675	3143
3378	710
2347	745
4023	3351
2347	710
3537	710
2347	2622
1464	2347
2871	760
675	476
3078	2588
1038	710
928	675
675	1464
1323	877
331	877
675	934
3537	4023
382	4023
3311	2347
4023	1305
877	828
877	4071
2135	4217
2709	266
3280	2590
3280	2347
1805	2347
250	256
1542	3877
1653	985
1640	1951
3708	1022
1022	3708
2347	2718
3390	2588
3390	1166
3390	3162
3390	296
3390	2104
2123	3390
3390	2123
3390	285
2588	521
3272	3390
3390	3454
3390	1587
3390	920
3390	2883
3390	3378
3390	865
3390	2875
3390	1448
3390	1381
3390	2223
3390	1432
3390	1865
3390	285
3390	1329
3390	3272
3390	2123
3743	3390
3390	650
3390	1321
3390	1448
877	3378
3390	3772
3390	1381
2099	277
2099	867
2099	2051
2099	1951
2054	1378
985	2054
2347	597
1451	2329
745	118
2347	597
4218	4219
2347	2213
3567	745
1448	118
274	4220
2329	785
2123	3773
2329	2109
711	2709
745	2347
710	4221
2347	745
3773	118
3661	745
2709	2347
250	1556
1066	1556
3806	256
2316	1556
1598	1556
113	1556
2103	1328
1771	2656
1771	1878
1771	1542
3390	3985
558	3985
530	2332
2240	529
529	3108
529	530
3405	3959
352	3959
3959	2590
3959	710
3959	3791
3959	4022
3959	2588
3959	3707
3959	612
3959	2809
3959	3703
3959	3563
1788	3959
3480	3959
2443	3959
1166	3959
460	3959
3248	1166
209	3959
1290	1166
1364	3959
111	3959
4212	3579
455	2478
585	2176
2588	3342
455	2104
2176	455
3130	2062
2415	2062
3342	2062
3272	3292
3342	455
2415	455
3329	455
2332	2062
2852	3258
2588	455
2345	455
530	2062
1931	2062
3342	3329
455	3329
455	2062
1129	490
3342	1626
3342	3094
3130	455
2176	2313
455	4022
455	623
530	455
455	309
455	3317
455	524
3342	1164
455	2347
623	455
3342	3247
1323	2123
2588	2313
1129	3130
309	455
309	2313
852	455
3247	3130
2411	455
1323	3275
455	2852
3342	2893
2062	861
2969	3342
370	3342
585	455
455	1399
1164	3130
455	623
2347	455
455	2724
2313	309
3169	529
3275	1323
2176	455
3341	3131
455	309
585	2313
455	585
181	455
2062	455
1324	3396
3971	455
455	585
455	2313
3341	3131
1128	1323
2313	455
1647	2062
490	1507
455	585
3094	2865
1641	3342
2347	597
2347	3061
2347	1324
3579	1930
2347	297
2809	267
2357	267
2443	267
267	2446
267	2515
267	1225
3556	3545
4152	3177
2076	2929
2076	1457
597	2213
597	2893
3094	597
3094	3342
3094	358
3342	3094
370	358
370	3094
3094	2724
3338	855
597	2724
3983	370
3094	3130
2969	597
981	597
3872	597
2969	3342
859	2257
597	855
3131	2558
2110	855
859	1164
3817	597
1164	597
598	597
1644	597
3247	597
629	859
2893	3094
370	3342
855	3342
160	3094
3131	599
3094	597
370	597
3131	597
2552	3094
2825	597
1114	3094
2558	597
2969	2842
2969	1129
2443	603
2443	3936
2883	3545
786	4149
985	2446
3092	1878
2883	1542
2656	686
2446	2882
507	313
1448	1841
3454	1841
700	285
1874	285
2883	285
285	2883
1841	285
285	700
285	2475
701	285
285	1841
279	1587
2210	1587
1587	2191
1586	2763
1586	924
2311	1586
2191	1587
1587	1884
924	1587
1586	4162
1586	269
1884	689
1587	3385
324	1587
3597	1587
2311	1587
4162	1587
1586	3597
1587	2210
1586	2839
1586	2191
2839	1587
1586	3385
3385	1586
1884	1330
1884	920
1884	112
1884	942
924	2322
1889	1884
1865	1884
3600	1864
1864	1885
1884	3758
1632	1885
1884	1587
200	2712
4222	1485
2681	2377
2377	3563
3707	2377
2809	2377
2377	2443
2374	487
2374	2268
727	985
942	881
727	18
942	1916
3713	3963
1184	1279
3713	1986
1279	1986
1025	1279
424	526
2106	526
1493	3162
424	1994
87	2083
988	526
3853	1969
526	3853
2076	526
246	521
3162	85
246	460
2356	3103
3853	3756
3311	3582
769	3820
3910	1931
67	928
2899	1631
1091	3828
3564	126
126	3564
1273	3564
1415	3564
3564	2204
3390	2104
3773	2104
3269	2104
3405	2104
2879	2104
352	2104
285	2104
3272	2104
1998	2104
3933	2104
985	2104
920	2104
2123	2104
21	2104
2475	2104
2104	2588
2103	3714
2104	2347
2104	2588
2104	2511
2104	2475
2104	1556
391	2104
2104	526
2104	2445
2104	1747
2983	2104
2104	2590
2104	476
2104	234
2103	2150
3756	2103
2104	920
2104	3130
2103	2724
2076	2104
2176	2104
2104	4022
2103	503
3959	2104
2104	3791
1630	612
2356	2104
2104	2588
296	2104
2478	2104
2162	2104
2104	1415
2176	2104
2101	2198
3563	2104
2104	710
2104	2983
2104	3772
3923	2103
2104	928
2104	3563
2357	2104
3454	3611
1166	2104
1017	2104
476	2104
2101	3162
2605	2104
988	2104
414	2104
2104	1364
2104	11
2104	1994
2103	3944
2104	985
2103	3661
1788	2104
2101	988
4183	2104
2104	2265
2101	3408
2104	2123
2104	391
1225	2104
528	2104
11	2104
815	2104
1004	2104
2101	1248
2101	1124
86	2103
2104	3390
209	2104
2101	2983
2104	3274
1237	2104
2605	2103
2588	2104
3489	2104
1184	2103
2104	2588
2101	1017
1630	612
2104	1225
2104	2176
2104	256
2103	1108
2104	1464
2101	3182
2104	209
1017	2104
460	2104
2101	113
2104	1166
3944	2104
2104	18
2104	2123
2104	2214
2104	1004
1248	2104
2104	318
4019	2104
2104	2356
2104	2739
2944	1630
1002	1630
2478	2104
2104	3141
2592	2104
2103	503
2104	1017
2356	2104
2103	3950
1248	2103
2101	4212
2443	2104
2101	2356
521	1791
521	3791
521	2588
521	1172
2176	521
3714	521
2198	521
2478	2630
521	2605
521	1986
2357	521
521	3972
2076	521
521	3162
521	2176
521	4019
521	528
943	1729
3489	3940
2176	3489
3638	3444
3445	3444
1432	2875
3713	1279
2781	1496
3152	476
2020	4064
1814	3537
3531	3280
2683	70
476	2536
912	710
1490	476
3547	3280
476	2269
229	476
4036	3537
2176	688
3041	2322
3335	688
3335	4109
1378	1618
661	663
688	3041
2731	1378
1385	663
1378	1385
1378	3335
3415	4109
2059	2531
2168	352
4116	2533
3743	2059
1615	1352
1473	4116
661	3639
2533	3335
2531	1352
1352	2526
4158	1321
3422	2059
1615	3335
352	2059
745	1318
1371	584
3933	4094
745	584
745	3933
1018	3933
1018	1371
710	2054
2153	4199
2153	2345
710	2153
38	113
4199	2153
2153	967
1448	528
3856	2153
2165	986
2511	113
797	2153
2588	2409
2955	2347
2955	1803
2955	2588
503	2955
2419	51
352	1448
1448	1729
1448	1615
1448	688
1448	3405
1448	352
352	1448
2883	1448
3405	1448
4046	1448
2875	1448
1448	1884
4109	1448
1381	1448
1190	1448
1448	376
3638	1448
1448	1845
1448	1698
1448	3405
3405	1448
1698	1448
4118	1448
1448	2104
1448	2588
1448	2123
1448	3933
1448	3272
118	1448
1448	710
118	1448
3611	1448
118	1448
1448	3933
3272	1448
1448	118
1448	2856
1448	2104
118	1448
1448	3791
2123	1448
3791	1448
1448	2475
118	797
3272	1448
1448	985
3773	1448
118	1448
3786	1448
1448	2475
3933	1448
1448	942
1448	4022
1448	920
2104	1448
2731	1448
2176	1448
4212	1448
1448	2475
1448	476
3611	1448
1448	2590
1448	1587
1448	2322
2214	1448
2809	1448
521	1448
2357	1448
1432	1448
1448	2588
28	1448
1166	1448
113	1448
2223	1448
1448	3638
1448	3272
1448	3638
1448	3454
1448	2223
3707	1448
1448	786
3390	1448
1448	920
3454	1448
285	1448
3390	1448
3638	1448
1448	689
1448	3611
1448	2223
3638	1448
1448	225
2322	2223
2223	985
2223	3444
1180	2223
3773	2223
2223	352
1672	3405
650	3454
2506	2223
2223	518
2223	1587
4186	2223
2223	3405
894	2223
2223	572
2223	1884
572	2223
2223	247
2223	894
3390	650
894	2223
564	2223
1510	2223
2176	2196
2907	612
425	2725
926	2373
1572	3164
60	880
688	1378
1408	3335
1385	4158
3416	4211
4211	4203
4136	688
663	3415
4046	1615
3743	688
1474	4109
2609	663
2526	1615
1619	3415
1190	1330
4210	4199
1987	1330
3335	688
118	3638
3638	118
2709	3638
3638	118
2123	3638
3272	3638
3933	3638
920	3638
1448	1587
118	710
1166	3638
3346	1698
118	710
3959	3638
3378	3638
3428	3638
1432	3638
2731	1698
3611	3638
3638	1587
3773	3638
285	3638
1180	3638
506	3638
285	1698
3390	3638
1448	3638
3415	3638
1381	3638
3405	3638
3454	3597
797	710
352	3638
663	1698
1448	3638
3638	1448
2609	113
118	3405
2123	3329
4191	3405
118	710
3405	3791
3405	3162
3405	2104
3405	2123
2531	3933
3405	3933
3405	2588
3041	3272
3405	3272
3405	920
352	924
225	3405
2123	3405
352	3229
1900	985
3743	1900
3405	1451
2809	3405
3405	924
3611	3405
352	1900
4046	688
1385	4116
873	352
2531	1900
4203	4116
3045	3639
3404	732
1321	1987
1352	352
3404	732
3404	1321
2322	3405
3638	4158
1729	1900
4116	1190
3902	3405
352	2047
3405	3444
3405	2223
2168	3404
352	285
352	4116
3404	4116
3405	1987
3404	3416
3405	4124
1352	1611
3405	901
3404	688
4199	1900
3404	1900
352	3404
4203	2531
1987	3335
1987	3405
3335	2531
1900	3404
2983	3405
3404	4116
3405	1448
3041	1385
3743	1900
2526	1321
3416	688
1448	3405
4116	2526
3902	1330
1900	4109
3405	2588
3416	2531
2531	3639
3404	3416
1320	3405
3639	732
3405	2875
3405	3611
1329	3405
3404	1321
4116	2531
1166	3405
2531	732
3404	3639
4161	3041
4141	688
4116	3404
661	4116
1408	732
4046	4109
3405	2155
4159	1385
352	3404
4109	3404
1900	2531
352	1900
2609	3041
4046	4116
3041	688
4141	4109
4203	3404
1469	3415
3404	688
1900	4109
1190	3405
4197	1900
285	1900
1987	1321
2531	4118
3405	1352
1330	874
1900	663
1987	688
4109	688
1615	688
3639	3404
3902	3404
2081	3335
1615	3405
4116	1190
1321	2531
3406	1900
1900	2081
3335	2527
2072	3404
3041	3405
3404	4109
3416	3404
352	3405
4141	352
3715	1900
3405	4116
1329	2609
4040	3404
688	1408
3407	1900
352	688
4109	3416
3405	732
874	666
3416	1900
3404	352
352	4116
2531	732
3405	1385
1408	1385
3405	3639
3405	506
4116	1408
1900	352
4118	4116
1377	3405
3404	688
3743	3405
3639	3902
1900	732
2531	3416
3405	285
1352	4116
1900	688
2526	1987
3639	688
352	4109
4198	1900
716	3743
3405	4109
2531	1900
1900	3003
3405	352
4118	2531
3902	4116
1900	1440
1702	4116
3404	3041
732	4116
732	1900
3404	352
292	1900
2531	4197
3405	3416
1900	1618
3781	3041
3405	1900
3638	666
4116	2609
4119	874
4203	1470
4199	293
4126	732
732	4123
2319	4197
293	732
1619	3743
1321	2104
1321	2445
1321	2856
1321	225
4109	985
2123	3405
4109	3272
352	3416
1321	1587
661	3335
733	1321
3416	924
2123	1321
1884	1321
1321	924
225	1321
3415	3335
1321	3454
1321	985
2531	3902
874	1321
1352	352
661	3416
1321	3902
1865	1321
3743	1321
3422	874
2809	1321
1321	2845
1321	661
2883	3416
1321	352
874	4118
1600	661
3611	1321
3639	1321
3335	688
3415	1321
1321	1385
1321	920
113	1321
1378	3902
3743	661
661	1321
1321	1729
3415	1321
3405	4203
352	1321
352	2533
732	352
4199	1352
1642	3410
732	3902
1321	688
352	3902
688	352
873	732
1385	1321
352	3335
1321	285
3902	2445
3415	2531
113	1321
3454	1321
1987	1352
352	1330
3404	3416
1321	4116
1321	874
4158	1321
3404	1321
3743	1321
3162	4109
688	2072
1385	3335
1321	1980
285	1321
4202	3416
3415	3405
663	1385
4116	3902
4116	1321
688	3902
2531	4203
1330	352
688	3415
1321	3404
3405	661
661	3405
3405	1330
4109	3902
661	3041
3415	285
1900	1321
1321	2883
666	3415
901	1321
3405	1352
352	1900
3335	352
1385	3405
1330	3041
1900	352
4109	2533
3416	352
3404	1321
2322	1321
663	352
3405	1385
4124	663
1321	352
3041	1321
352	1321
666	3416
4109	1352
1321	2223
732	874
3405	2533
4203	1330
3404	3416
662	1615
3902	3743
1321	4109
1321	1432
352	1352
4158	1385
4203	4109
700	1321
1900	3405
2527	352
3415	3416
4109	1385
3415	3405
2533	732
3416	4116
2609	3416
1321	1900
4046	3416
4136	3416
2070	1321
732	663
1321	3041
1352	1321
3639	1321
3405	661
688	1611
2609	4199
4199	4203
4116	1385
4116	663
1330	3045
1352	4199
3902	2531
3405	874
1611	1321
1321	1440
352	4203
732	2533
732	3415
3416	901
1321	3415
1900	4199
4158	3902
1166	663
2609	1330
3405	3335
1900	1352
1408	3416
3405	3416
662	1321
3639	3902
113	352
285	3416
4046	4109
3416	3415
3902	4199
1321	688
1321	942
1900	4109
1321	352
1321	2875
1385	352
4109	732
663	352
688	3405
3416	3404
4141	1385
1321	4116
1900	4203
293	3415
352	1611
1321	2350
4109	1432
3335	4199
3404	1321
4116	3902
1321	1865
1321	4199
3422	874
4161	1611
2526	1352
1321	2123
3390	874
1352	3416
1330	1321
3416	1352
1615	1321
352	688
4203	352
4124	352
4116	352
3405	1321
663	661
4040	1385
4118	1330
1321	2322
1611	352
663	1884
4116	874
1321	285
1479	353
976	1163
688	975
3422	3405
4166	353
340	353
3406	1479
3404	3743
3743	3405
353	4173
353	3405
1321	353
1385	353
732	3454
3422	732
732	1352
1615	3416
4199	4203
2526	3335
3048	732
2045	4199
732	1321
2526	732
732	4116
4199	3416
732	2883
3416	732
732	4109
1479	732
3335	732
3041	4158
732	1381
3405	732
1321	732
2420	3049
4162	2311
924	1587
924	1586
3597	269
3597	1587
324	2311
2931	1587
2774	1587
1587	3598
1587	3385
318	2809
1203	1465
3743	1330
1330	4116
1615	4210
688	1330
1227	1630
612	1630
1629	612
1002	612
1630	1227
2952	1166
2202	1166
4189	1166
1380	1177
1166	1986
2478	1986
3714	1004
1930	1380
1004	3026
1166	3369
1166	32
1004	32
1166	1399
1166	1998
1364	32
3714	1166
1004	143
2478	32
1177	1004
1380	1986
613	1925
3791	2791
3329	2791
3342	2791
3272	2791
2062	2791
2724	2791
2345	2791
2347	2791
2791	3458
2791	710
3333	2791
2791	603
2791	1399
2791	2588
530	2791
2791	2123
2791	2347
2791	2724
2791	1399
1399	2791
2791	896
2791	3026
3292	2791
1318	2791
2791	603
2791	3026
2419	2791
143	113
785	1485
3579	2262
1485	497
1485	113
3223	2811
2811	2270
2811	277
4183	3348
4183	990
3515	1166
4183	3515
3342	1399
209	1994
3390	2983
2983	2445
785	3959
4019	2983
1859	492
1385	352
3405	874
874	352
1108	815
815	1713
3611	2123
3390	936
3405	936
352	3378
3405	214
3261	2588
214	3390
3405	3378
2588	1951
2588	3707
2123	3611
214	936
214	1464
928	214
3773	3378
2809	214
3773	3454
3773	214
113	2588
113	936
3773	936
113	3378
2357	2588
1166	2588
3772	2374
2809	2374
2104	476
2809	3078
3390	214
1166	936
113	476
521	2588
113	2588
3579	214
113	2374
2809	3378
113	2966
2478	214
2809	936
352	936
1096	3378
2104	936
3772	2123
214	3648
1166	214
2058	3378
1747	2588
3162	214
1004	214
3333	2588
3773	1451
2809	3244
3390	3378
3327	2588
551	214
2374	2364
2589	1464
476	3244
2104	214
296	2588
988	2588
3122	2374
3078	3378
2589	710
3280	214
2588	3244
70	214
2364	214
2724	2123
3261	3244
476	3378
652	214
2693	214
2329	2589
3078	2123
214	1323
3280	2588
877	214
274	214
214	2347
1146	3244
113	2374
2329	2123
709	214
3461	214
4022	3244
675	2374
476	214
2419	2588
792	2123
3522	214
877	3244
4022	214
113	214
2588	3272
2588	2123
2899	214
2588	476
2589	2347
2588	3378
2590	214
1520	476
476	3661
2871	214
3261	2374
745	2879
745	214
3261	2123
2364	2589
2550	2374
1146	2589
2701	214
932	3244
3661	476
936	1695
2347	2589
2044	2374
113	936
3661	2123
3661	3244
2347	2588
745	2123
158	214
3508	2589
3357	2374
2129	2374
113	214
2622	214
1695	214
2899	2374
760	214
3363	936
2376	2374
2693	936
936	214
234	214
2589	710
2104	2374
4212	2588
2347	214
214	2374
932	214
3843	214
2871	936
936	2419
214	4064
1483	936
214	3791
2809	1520
214	4023
214	2899
214	2871
2589	2129
214	4093
2701	936
2374	214
4069	2374
1103	2374
2215	214
234	476
2584	2123
4023	214
1464	214
2588	2374
2104	214
214	3122
382	214
4093	214
936	2374
214	476
214	2589
214	2584
234	3378
425	2589
1146	2588
2215	936
936	476
382	2374
936	4064
3078	214
4022	3378
3261	214
1464	2589
2588	2899
745	274
936	675
1520	2374
2701	2589
214	2590
745	1998
2506	1451
1520	214
1835	2374
1089	936
3359	2374
214	1146
2851	214
2724	2588
4023	936
1297	936
1675	3244
425	936
476	2374
214	2123
745	3272
2724	2374
234	2374
214	3053
936	2590
4051	2589
456	2374
1292	2374
2374	2588
3351	214
709	2374
3537	2374
936	274
2374	710
681	2589
214	710
936	1146
2329	2374
1520	2588
2701	2374
681	936
792	214
2374	1464
2374	1695
483	2374
2589	877
2967	214
2724	3244
2044	214
3143	214
2374	1998
3508	936
214	2724
2374	3378
932	936
2383	2374
928	3244
932	936
2329	214
2588	710
1146	936
2550	476
2374	476
2589	675
476	2724
928	936
3537	214
3661	2589
2589	2374
274	214
2588	1146
2588	2347
3078	2589
2550	2588
1146	214
2551	214
2550	2123
2967	936
2364	214
877	214
2068	2374
416	2374
603	214
4033	936
2584	214
1412	2374
3791	214
1038	214
476	2589
877	2123
214	878
214	193
3508	214
932	2374
792	2588
2588	4023
2588	3274
2374	1286
2588	2584
2588	2879
214	877
2374	2871
4023	214
2383	3244
2879	3244
2588	3269
2588	877
214	2550
214	3143
675	214
476	3272
760	3244
1292	3244
1695	2374
75	3244
2590	214
1695	936
2588	532
2588	3791
3147	214
3537	2589
2398	214
877	2374
2404	214
3661	2588
214	4022
214	2622
2175	2589
1581	2589
2079	936
2724	214
745	2374
675	2374
4064	214
214	239
214	274
214	3244
214	1695
2589	1581
936	2724
214	2588
214	2693
476	214
483	3244
2068	214
2589	2622
1157	214
1835	936
1520	2724
3078	4023
274	2374
3537	2589
676	214
2584	2588
2589	928
2851	2374
2550	2589
1835	214
2345	214
710	214
877	2589
2589	4051
2588	2724
4051	214
214	331
3508	936
214	2079
675	3244
1520	2374
3261	936
792	2589
416	3244
928	2374
2398	2374
2374	709
214	681
563	3244
214	3378
214	671
2588	671
476	214
745	476
745	2589
214	3843
2374	2175
2588	3272
214	2129
214	1998
936	2746
1257	214
214	3269
2589	1520
214	2879
2871	3078
2588	2123
1412	3244
2879	214
214	4051
2871	214
214	928
2588	928
2416	214
214	2345
3661	214
2589	3615
214	2329
2724	936
760	214
710	936
2622	936
630	3244
3244	2123
2693	2374
456	3244
936	745
2589	1146
4023	2374
745	710
3537	936
214	234
214	3207
3537	214
936	3791
2588	274
234	214
2693	214
1835	2589
1520	936
936	1075
2374	214
2724	2589
331	214
936	877
1464	936
214	1197
2589	4023
2588	3280
2588	3026
2129	214
2374	4023
214	4023
286	2589
3078	792
936	4022
214	1299
936	3501
2589	710
456	3378
228	214
1483	214
2347	214
75	214
2079	214
1159	214
745	3078
1573	214
214	3272
476	1520
878	214
3865	3244
214	3508
445	214
2314	3378
2724	214
214	2044
3212	936
2588	2718
936	1286
681	214
2374	2123
214	1835
214	2589
214	3261
2588	1998
936	3378
2589	3661
2589	1695
3122	214
2589	476
1464	214
214	936
745	476
675	2589
675	2588
936	1667
476	2899
2374	745
430	2374
2588	2550
476	1581
4093	2374
2589	1835
2584	2589
214	1110
2588	214
1282	2374
2589	3122
2701	214
214	1573
671	214
214	2364
234	2123
710	2589
936	3272
214	3078
877	936
3661	936
214	2391
792	214
936	2879
2910	3244
936	1835
936	4093
3086	2374
2588	1581
2967	2589
2374	2724
2391	214
936	3244
2584	936
2589	675
1299	214
214	2715
214	760
2374	2550
1520	214
214	2374
3533	3244
936	3661
214	445
1464	2374
936	1998
792	214
745	877
936	3269
1520	2123
214	2347
3147	2374
1305	214
4022	2374
3517	3378
936	2123
2589	792
214	2701
214	709
214	877
1011	745
745	1011
3611	225
745	2588
745	3843
3275	2347
256	355
745	3280
745	1011
745	3244
745	1387
2535	732
3427	3416
663	1900
3261	1462
3390	285
558	285
3390	865
3390	1865
558	1865
3390	865
3390	3020
3390	1381
3390	285
1600	285
1600	690
11	3370
2312	2227
455	2564
2103	1930
391	3707
391	1177
469	3707
87	1017
1225	3714
1184	507
2103	3707
2262	318
390	1279
1237	2103
93	2103
2076	2106
2109	3707
3489	2214
318	1930
3707	1225
2076	2214
1747	2214
3944	1986
2150	2592
318	3714
3707	3944
390	1930
3959	2103
1177	1225
1747	2106
2357	3714
360	87
1177	2809
2809	3714
1184	2103
3707	390
2214	2781
318	1279
1986	113
2106	2781
296	2103
1017	2076
360	1986
2106	3707
3395	507
2478	2214
2103	528
2357	815
2262	2162
3707	2162
2357	2176
3714	113
1986	507
3714	2541
2103	391
85	2106
318	2541
1017	2176
2150	2214
2083	3944
2809	1875
1225	3325
2800	2103
528	318
32	2103
2103	639
1604	1248
2214	2800
2357	1280
1225	507
2103	1485
1875	2103
414	1017
2357	2103
2809	1986
1986	2103
318	1994
391	87
2262	2103
3707	2809
2106	113
1184	2103
2083	1994
2357	391
424	1225
2106	3714
3714	2108
1279	2103
1177	318
3714	2214
2060	3800
2187	2103
390	1248
2605	3707
87	507
785	391
1532	2106
2970	507
2103	2357
2103	2176
1225	528
2103	1017
2076	1184
2103	2356
390	1994
1166	391
1017	2809
391	4212
2198	2103
2983	2357
507	2983
1082	2162
2541	2162
3944	2265
507	1017
3707	2106
2214	1364
2103	360
505	1225
2541	4212
2605	3395
3395	2103
2478	391
2103	1532
1248	1108
2809	2357
3800	1225
2103	209
2103	2894
113	2103
507	3714
3800	2060
1004	391
1108	2811
2083	360
1931	768
1432	4212
603	4212
612	4212
1184	4212
3714	4212
4212	1485
4212	1279
4212	3130
4212	3275
4212	2724
1986	4212
575	2588
3849	575
881	575
18	575
1916	575
575	1556
575	1598
985	575
3162	575
1485	575
1692	21
1448	285
2478	575
627	575
1225	575
575	1916
2357	575
2443	575
86	575
209	575
575	2743
3707	2123
2588	3707
3707	2588
3707	1166
390	3707
1225	3707
296	3707
2357	3707
2809	3707
2983	3707
113	3707
2176	3707
4212	3707
3579	3735
1418	209
3272	985
2123	985
3378	985
1464	985
710	985
710	985
476	985
2588	985
985	476
985	2588
985	1002
985	612
985	924
985	612
985	3272
3130	985
985	710
985	2104
985	2223
985	2322
985	225
985	1630
985	2131
985	3611
985	1464
985	1951
985	2162
985	1587
985	1321
985	2475
985	521
985	352
2809	985
985	1248
2322	3454
225	985
1630	985
985	2104
924	225
985	1777
1166	985
2165	986
2357	985
2478	985
2104	985
3611	285
2214	985
986	4191
2223	985
2103	985
597	3329
986	3454
1448	985
985	1556
985	1166
985	1004
985	988
985	2103
985	689
3611	985
985	2104
985	2176
985	2809
985	3162
920	985
985	1364
985	575
985	2511
985	424
985	1491
985	355
985	920
985	2214
612	985
1630	985
985	113
985	296
2322	985
985	3545
985	4212
1653	985
985	2357
986	3405
985	2478
1951	985
125	985
28	985
985	786
27	985
985	2104
985	1598
985	2443
4019	985
506	985
2592	985
2357	985
985	3959
985	1598
985	942
285	3611
942	985
3773	985
2952	985
1448	285
988	985
985	1146
1248	985
985	877
2202	985
2739	985
985	1916
2214	985
3454	985
815	985
2605	985
1556	985
2103	985
888	985
2478	985
2176	985
521	985
424	985
2809	985
1004	985
460	985
1166	985
23	14
528	985
2076	985
4212	985
1062	985
1225	985
113	985
4019	1279
1731	1279
1279	3959
501	764
3866	877
988	2123
1321	27
277	27
144	27
21	27
2239	27
1630	27
2099	980
2603	27
2647	27
2223	1448
612	27
23	27
985	27
1951	27
2916	27
438	27
27	3707
1204	27
1192	27
4022	18
2588	18
710	18
18	2322
18	2123
3611	18
18	710
18	3611
18	1630
18	3791
18	2588
18	1587
18	4022
18	2214
2214	18
1225	18
3773	18
18	2104
1448	18
988	18
2176	18
2357	18
627	18
2104	18
18	3405
4212	18
521	18
1004	18
2443	18
3162	18
2809	18
18	727
2223	18
18	689
18	1729
1166	18
2478	18
18	575
2377	18
18	111
363	18
3611	18
1729	18
1777	18
355	18
285	18
2322	18
209	18
575	18
3454	18
1556	18
797	1011
2511	18
111	18
2506	352
506	18
688	18
2316	18
1598	18
1916	18
285	18
2883	18
881	18
2076	613
1004	3508
2952	1004
1004	1930
2665	1177
391	1986
1364	1986
521	867
1364	1279
1364	1177
2478	1399
1004	3019
1177	2478
1279	2478
2262	1004
1177	3959
1108	1004
3162	1004
3959	2176
1279	1380
300	785
3714	1364
1004	1273
785	3515
2781	497
3579	2104
785	1279
414	1004
2781	1004
391	2104
424	1004
1225	1004
2478	3735
3714	1004
1875	1004
3175	1004
1004	2357
785	1364
391	785
1004	4212
1364	785
2605	1004
2076	1004
1364	3579
1004	2214
1986	2478
391	1004
3579	3959
3579	1004
4183	1004
785	391
1364	2665
4212	1364
3579	497
391	3248
2123	3638
3638	2123
3638	2123
3791	3638
3378	3638
2588	3638
1464	3638
285	2104
285	113
710	3638
2123	3638
1587	3638
3272	3638
3933	3638
3272	3638
285	3638
2809	3638
3773	3638
924	3638
3638	2588
3390	1698
3638	3791
3638	3272
3416	3638
2168	3638
3638	1432
3638	710
874	3638
3405	1698
3405	3638
3638	2223
3638	285
3638	3390
2731	3638
1806	3636
1448	3638
4019	603
1835	286
1408	3638
1352	1698
2302	888
3611	1321
3773	2809
2731	2329
2809	1321
2329	2674
3773	2731
2054	2329
118	2329
2329	2674
2475	2357
2329	2966
1160	3378
2329	3378
3791	3933
1520	3378
2329	2809
2329	118
2329	1018
2329	3272
2329	1451
2329	456
2731	1321
2329	584
2329	2123
2329	3207
1520	2674
2329	75
985	2809
2123	2329
2329	1318
1520	2123
2123	2329
2329	3773
2329	2674
2329	1998
2329	3517
3454	2731
2329	3390
2329	3269
1464	2709
2329	38
1520	2123
2329	681
3611	3454
2674	3517
1520	3269
2674	118
1520	2709
1520	2674
1520	2109
1520	3378
1520	2879
2674	3773
2329	3836
3843	2709
2329	4094
1520	2809
2329	3778
2329	3933
2329	3778
1520	2966
2329	1284
985	376
4022	2329
877	2709
3638	125
2329	2809
2588	2123
1520	928
1146	1770
4069	3747
2123	2329
214	2674
2329	3280
877	2674
1146	1770
214	2329
4022	1160
2374	2123
3207	2329
1018	3791
2709	2329
2590	2329
3773	1321
4069	1210
214	2123
3244	2329
1286	2329
234	517
1520	532
2123	1451
3261	2329
1038	2879
877	2329
2590	2674
90	2329
274	2329
1581	797
4093	2329
710	2329
3146	2329
2590	2329
2364	2261
3416	2731
2584	2329
1835	2329
274	2590
1695	2123
1695	928
2329	2809
2724	2123
2966	2329
1146	2329
2123	2329
214	1520
1482	2329
2123	1520
2215	2329
1520	3147
3661	1520
158	1520
2590	2329
2588	1520
3378	2329
2374	1160
985	3454
2674	2329
2731	1321
274	2329
234	2329
2724	2329
2347	2724
3244	2329
788	2879
928	1174
234	3260
214	2329
2123	2329
3707	785
3661	1160
234	3260
2674	1520
90	2590
1123	96
2674	2329
3638	118
2329	985
1998	2329
2123	2329
2123	2590
2404	1483
118	1448
3244	2329
710	2674
2966	2329
2591	2590
2123	1520
2590	2123
476	1520
1520	2123
4093	1520
3390	1321
425	2329
2871	1520
3261	919
2364	2123
2845	1321
710	2329
2701	1283
3146	1050
3147	2329
1464	2879
2123	1520
3615	532
4093	3573
1146	2590
1520	2674
2622	2329
1123	96
3378	2329
920	1321
1146	1160
3461	2329
2129	2329
3122	3143
2724	1160
4022	2123
675	2329
2135	3178
3244	1520
1089	3487
1299	2329
671	1305
877	2590
2590	2329
630	416
2967	2215
3244	2910
2693	2329
2347	2709
797	1520
1695	2329
2967	286
3661	2329
1387	2329
2123	2501
2501	2123
2501	1812
3773	2501
2322	2501
285	1415
1415	1184
1747	1415
2104	1415
2478	1415
2809	1415
1415	2809
391	1415
1415	2588
815	1415
2754	1415
1225	1415
1415	2104
1415	2347
3188	1415
3563	1415
1415	815
1415	521
1886	1885
1885	2845
1864	1885
3454	1885
1146	878
250	355
723	2446
3141	1598
64	1598
1598	3141
1598	1625
1598	13
3624	1598
87	971
87	1093
1004	2022
3505	1248
113	424
3505	1017
2214	11
1552	424
1532	424
2101	359
1011	113
388	3505
2101	113
1017	1093
359	2101
988	3505
1248	3505
11	424
424	113
2108	785
507	2478
11	2739
2592	3555
1273	507
3245	1037
3011	1037
985	4152
985	1598
2473	985
1729	985
1777	985
1741	985
985	3624
1875	985
985	1729
1625	985
985	1916
1700	985
1098	985
3700	985
985	27
1729	985
363	985
267	985
985	3233
2446	985
526	985
1788	985
3434	985
985	250
2316	985
319	985
985	1415
60	985
985	1916
2681	985
1653	985
1916	81
2164	2202
1558	1598
1598	985
1598	881
111	1598
4135	881
1916	1598
2316	881
1598	3141
1625	881
3141	985
3141	1558
881	1625
113	143
1166	143
2364	4033
2364	4033
2364	4033
3272	2811
3223	2811
3223	2811
928	603
928	3661
3078	603
3280	2724
2724	443
2871	2347
2347	214
2724	1998
2724	4022
3815	4051
2871	3661
710	3661
1554	3508
745	3508
2724	928
3508	3615
710	3508
1464	928
2724	745
2724	2871
3661	2967
4023	928
2879	928
3078	928
234	4022
2550	928
760	4051
2871	1581
3078	3261
2364	3508
2871	2724
710	603
928	1103
2871	2584
3537	603
2724	214
2724	2175
760	2879
2724	2693
928	2724
1554	2724
3508	928
3537	2724
214	3815
3508	1520
710	3026
928	3843
928	1387
2724	1573
928	675
710	2724
4197	3672
3743	2072
3416	2319
1190	4155
1352	1382
4211	1385
1353	3743
4116	1190
663	1190
2924	3860
675	1576
792	3537
3573	2746
1695	2765
273	4083
4093	2873
1587	1598
2311	2316
1587	2316
1448	1587
924	3405
2856	1587
924	1321
1587	1598
1587	2210
924	2856
2191	1587
924	1587
3454	1587
1587	269
1587	3454
924	1587
1587	2763
4162	2191
1587	2774
924	1587
1587	2311
1587	3597
1587	3597
1587	4162
2311	1587
4162	1587
2983	3700
3700	3707
3700	2446
2665	1485
1004	1485
4212	32
390	1177
2028	1485
1184	497
1184	1364
983	1485
2665	1184
497	143
3707	1004
2665	32
1004	1740
983	1184
2479	32
1930	391
2479	1986
390	3703
2202	2475
2475	405
1340	920
1252	920
920	2828
920	2475
1491	41
2475	689
1252	2475
920	3024
2475	920
2140	920
376	1491
41	1252
2140	2475
376	41
920	376
920	3082
376	2828
1584	1845
3024	376
3130	358
2893	2213
3342	529
3094	3341
490	358
2893	2347
490	2974
3247	3341
490	2724
370	614
3342	2552
490	3094
3341	3094
3342	358
490	1626
490	3340
490	2347
490	2969
490	2552
3342	855
1164	3130
3342	3311
3342	2169
3342	2415
3342	3094
3342	3329
3342	1164
3341	1255
3341	1129
2969	3342
3341	490
490	3341
3342	3247
3341	1507
3341	2969
3342	2893
3342	160
3131	3341
3130	3342
3094	1114
370	3341
3342	3130
3247	3130
3342	2257
3341	3247
859	3341
2782	3341
3342	2213
3341	3872
3335	1385
256	2104
2104	256
1166	256
2809	256
1098	256
1994	256
355	256
256	1491
256	920
575	256
256	2483
256	985
985	256
1556	256
256	2316
1598	256
256	1916
256	18
256	64
2533	688
4119	2533
3405	476
352	3791
352	710
352	584
2588	732
1998	352
352	3378
2123	663
352	2445
3416	225
2214	352
521	3416
3162	732
988	352
352	2883
3707	1321
521	352
1352	3611
3707	3405
1987	1321
1378	732
352	285
352	1190
3405	1352
352	2533
1321	4116
4109	1352
3638	1352
1321	3902
3902	3404
2809	4116
4199	1352
3960	3416
4118	4116
1440	3335
3422	1321
2526	3639
2531	4116
4046	4116
874	4116
3405	732
3335	3092
3041	1321
4159	4118
4116	3902
4199	1321
1615	3902
3335	4116
1329	3639
3416	352
3415	4116
688	1190
3416	3405
4199	3335
4109	3902
1900	352
1615	3416
3902	352
3639	3416
352	3902
874	3416
4039	3405
1352	1330
3747	352
4116	663
1321	352
3404	352
1987	3902
3416	4046
4039	352
1385	3743
661	3422
4118	352
4109	3335
4108	352
3639	874
1321	732
1408	874
1321	1352
3639	1987
352	1352
1352	4199
4199	3335
1440	3416
2533	352
1408	1352
2526	1352
3416	1352
3639	1321
4199	4118
4046	4199
352	732
1451	2123
1998	1451
3611	1451
2768	1451
1352	3422
3454	1378
285	1330
3638	3422
1900	3422
3335	3422
3405	3422
4118	3422
2357	4212
4019	4212
2176	613
1448	2123
1448	3933
3743	1448
2731	1448
1448	352
1448	924
3743	1448
1448	1330
225	1448
3743	1448
1448	1190
3638	1448
1448	2531
352	1448
2509	1448
1448	732
942	1448
1448	3405
1448	2223
1448	3743
285	1448
1448	285
1448	3638
1180	1448
2731	1448
2731	1448
3773	1448
3444	1448
2731	1448
3773	1448
1448	2883
700	1448
3390	1448
501	2162
2809	1273
2060	2162
521	2162
988	2809
3105	2162
2811	2534
3853	2809
3572	2162
2343	2162
2831	2809
2357	2162
571	2162
3105	113
2811	2417
757	2809
2855	2811
2265	2162
1004	2809
2122	2809
3572	113
3545	3416
296	530
2345	2176
2176	3275
2176	2791
2176	3333
2176	613
2176	2347
2176	3405
2176	1364
3959	2176
2176	1323
460	2176
2176	530
2478	2176
2176	455
2176	2588
2176	3773
2176	2356
2176	2062
2970	2176
521	2176
2104	2176
2104	2176
1280	2176
3293	2176
2198	2176
86	2176
3923	414
2	2176
3963	2176
2176	2345
1225	2176
2970	2076
2176	93
815	1004
2176	296
3923	2176
2262	2176
2811	2176
2176	815
2176	1930
3713	2176
1279	2176
2176	1279
391	2176
2103	2176
203	3713
1986	2176
1177	2176
1747	3714
2984	2076
2739	1747
1415	1747
2214	1747
3563	1747
113	1747
2103	1747
988	1747
391	1747
1166	1747
815	1747
2809	1747
2104	1747
1248	1747
2140	3410
660	985
1491	985
967	920
689	2475
112	376
2475	1340
920	689
1340	920
1845	2475
376	2140
376	1584
1845	376
3082	2475
920	376
689	1522
920	2475
3599	689
920	1340
1340	2475
920	2475
1340	1491
689	920
405	376
1584	1491
967	689
2828	920
920	3024
1252	920
770	41
1845	3599
376	41
2140	1845
1845	2508
2475	920
1584	1491
1340	376
2475	376
1584	2475
1491	689
376	1884
1845	376
3449	920
3823	985
3074	1491
3599	1252
1845	376
1491	1845
2828	376
41	3937
2508	1845
376	3914
3823	920
1340	1845
3758	3454
2475	405
920	3082
41	920
2218	2475
1845	33
689	3758
376	920
376	2475
41	376
3977	920
405	920
376	786
1845	41
376	2140
1845	689
1845	2828
2475	985
2140	2828
2178	689
689	776
2508	1491
41	2475
1845	689
920	376
1252	920
689	776
376	1491
376	920
18	1873
1522	1491
2475	920
689	3977
3074	1522
920	985
689	3075
1491	2475
3964	1491
689	920
2828	920
1845	3082
2508	1522
920	1252
376	3074
2218	1491
1845	920
3977	376
376	1845
1584	689
3937	1491
405	1845
689	1845
1491	376
3823	770
376	3977
376	3964
920	1491
1522	2508
2475	3875
376	3082
770	967
1340	1845
2551	2999
2345	2675
3747	2345
2345	696
2345	2413
2345	2336
2588	603
2062	2345
3275	2345
2336	2345
2345	717
2419	603
2345	2347
877	2345
1323	2345
2345	2588
750	2345
2345	1318
2345	3664
2413	3778
2345	2413
3447	2123
2345	1421
2345	3747
1318	3747
1464	2345
3862	2345
2345	39
2588	2345
2345	748
1318	2123
2413	2345
2675	2345
2345	3261
3778	2413
2345	3947
2345	2123
603	1399
2345	856
3985	2443
3703	1273
2821	3704
3704	280
3704	1762
3704	1819
1066	1004
985	1066
60	2279
1556	250
250	111
1788	250
60	3703
111	3587
815	60
3772	2809
3772	2588
3772	2104
3773	877
3773	2123
3773	3269
2731	2123
3773	1587
3773	1432
3773	1448
3773	3454
3773	285
3773	2223
3773	1381
3773	3933
3773	3611
2104	3772
3773	1451
3773	476
3773	2588
3773	1451
3772	3272
3773	1451
3773	1850
1826	3772
2506	3772
3773	1451
2506	1451
2731	1451
1916	770
3700	1916
1598	1916
1598	1916
967	1916
2746	476
3445	1378
3638	2875
3445	732
2875	3445
3390	3960
3390	285
3390	1865
3390	650
558	285
3773	866
3390	285
3390	1432
3390	1381
558	650
3390	1448
3390	865
558	1319
3390	2601
558	3638
2475	2104
920	2104
113	376
2104	2475
113	2475
113	920
985	2475
2809	2475
2475	985
2140	18
3454	376
1448	2475
3454	920
1340	920
1845	2475
113	3791
916	2475
1340	2475
920	770
1340	376
3024	920
985	2475
689	920
3454	2475
376	920
2475	1845
920	18
2475	786
920	3024
1845	2475
689	2475
1845	920
376	2218
2475	920
2475	689
2475	920
689	376
2475	776
2475	376
2828	920
376	2475
920	3074
2475	1522
3937	920
920	2475
689	3024
920	2475
1340	3449
2475	3074
1845	2475
2475	404
920	376
1340	920
2218	2475
1584	1522
920	1845
41	1522
920	689
920	985
2475	376
285	920
920	1340
41	2475
2140	1522
3024	376
3714	3663
1279	1079
1017	1177
2214	3714
360	1986
424	3714
1011	1177
2109	3714
2109	1986
2214	1986
1986	424
2588	2409
476	877
2588	3026
476	2718
2588	3327
2588	4051
3272	2588
3272	1146
2709	2588
2588	1146
2588	2123
2123	2588
2123	2724
2588	3272
2588	1998
2588	3363
3207	2588
3280	2590
2590	2724
476	1998
2879	476
476	1466
2588	603
2588	1803
2589	4051
3327	476
3280	4093
2588	3280
476	1146
2588	2123
1146	2588
1146	2590
2590	3661
2590	3333
476	214
2588	2724
476	3363
2724	3280
3280	2588
503	1146
760	1146
476	2724
2590	4051
476	4051
2724	476
1146	476
2899	1146
4093	2724
1146	2345
3378	476
2588	3272
2588	2112
3508	476
476	2550
476	928
4093	3280
2588	671
392	2588
455	2724
2998	2724
3122	1146
1146	3280
1146	3280
476	3272
476	710
476	3661
2724	2588
476	2123
4064	2724
1146	4093
4022	2588
3661	2588
2590	3280
274	1146
4023	1146
2588	675
4051	4064
476	3378
4051	2588
2588	3351
476	3508
234	2588
476	234
38	2588
2590	3508
2871	1146
2374	476
3508	2588
2588	1308
2588	2718
2724	2590
2588	2960
1146	3333
3333	476
2588	3661
1146	455
476	2345
4051	476
2588	503
1146	3272
2588	4051
1146	4064
2588	710
2589	2724
476	3508
2588	3269
936	1146
2588	1581
3615	2724
476	2374
476	3280
3078	1146
2588	3458
2588	214
4064	1146
2588	2584
2588	3078
2123	2588
532	1146
2588	532
2588	3378
2588	3333
3333	3280
3378	2112
1803	1146
476	3269
2589	1146
4023	3280
2584	476
476	4023
2588	3019
532	2588
476	760
2588	2955
4023	2724
2966	2112
2588	3962
476	4051
3661	476
2724	3122
476	675
2123	476
476	2899
476	936
4023	4051
4064	4051
2724	3275
2588	3280
476	274
3280	3327
3078	476
4064	3508
476	4023
2588	3026
2676	4212
804	1540
1540	804
3025	3016
3329	3712
1938	579
2322	2883
3611	924
28	924
1256	2856
2731	2223
3773	2223
2601	1330
1432	1381
3638	3454
3773	1448
1432	3344
2322	2856
3454	2883
2322	225
3773	3638
3454	1587
506	574
974	1432
4137	3454
924	2856
1432	2882
1432	2882
865	1432
1884	3454
2223	3454
1432	1381
1385	2526
352	2526
1209	2526
3390	1319
3390	285
3390	1865
3390	650
558	865
3390	3960
558	650
3390	865
558	865
3390	125
558	125
3956	2809
3162	2809
2076	2809
2809	2076
2809	2970
1558	111
1558	111
3405	2883
3335	3404
2731	2531
3405	700
2526	2059
3404	4203
3335	3404
3404	1900
2731	3405
1479	4112
2531	1330
3041	4112
4158	4155
3404	1330
3743	261
3404	1321
4196	1987
4140	874
4116	3404
3405	4118
2531	3335
1600	3405
3902	3405
3404	3416
1385	3405
3404	4116
412	3404
3405	285
2350	3405
1385	3405
3416	3404
4210	3404
118	2531
745	3390
920	2028
2028	920
2347	3329
1556	2176
745	521
2123	1451
745	1038
3272	2329
745	877
118	2588
1451	2709
745	2028
937	425
1653	2300
2511	113
1630	2511
2809	2511
2511	1630
2511	985
2511	23
1062	2511
612	2084
2062	113
2731	113
2345	113
352	113
1448	113
3405	113
285	113
2952	113
113	2347
113	3458
113	214
113	3342
113	2123
113	2347
113	1464
113	1794
113	3272
113	881
113	18
113	3130
113	2802
113	87
113	2445
113	2511
113	2062
113	2718
113	920
3162	113
113	2176
113	209
113	1587
1788	113
113	3545
113	584
526	113
1415	113
296	113
113	4022
2176	113
528	113
113	4019
460	113
113	2475
113	2104
113	2588
530	3329
113	4075
3563	113
113	2417
3800	113
113	3791
113	2076
1587	1884
113	1951
113	3959
1290	113
417	113
113	3923
1880	113
2357	113
113	1875
1220	113
113	2791
113	2592
1226	113
2162	113
113	1916
1273	113
2741	113
113	1415
1166	113
113	528
113	3162
815	113
1248	113
983	113
924	3454
113	80
113	3800
386	113
2104	113
1532	113
2478	113
2983	113
988	113
113	3773
2153	113
113	414
113	2739
113	2265
424	113
2214	113
113	2605
113	1018
113	3828
4212	113
113	23
1004	113
1017	113
113	2345
113	3563
113	460
113	2357
113	985
3579	113
1380	113
1225	113
3390	710
3390	214
3390	2588
3390	4022
3390	3791
3390	2176
3390	2104
3390	985
3272	3390
3390	3959
3390	113
3390	1166
3390	2809
3390	3272
3390	2123
2588	3390
3390	3162
2123	3390
3390	3693
118	3390
1998	3390
3390	1884
3390	225
3390	285
3390	924
3390	700
3390	1432
3390	2883
3390	1381
3390	4137
3390	2875
3390	3611
3390	3454
3390	1381
3390	285
3390	3933
3390	865
3390	3272
3390	2223
118	214
3390	285
1448	3390
2445	1166
3390	1319
3390	1448
3390	1432
3638	3390
2739	3390
558	285
3390	1451
3390	2601
3390	3772
558	865
4191	2559
3390	1448
3390	3454
3390	1448
3390	118
3389	2912
786	3390
2123	584
4203	3715
2526	1385
2531	1900
1615	663
1615	1900
1330	292
3405	1900
4127	1900
732	1900
285	1900
2531	1900
1900	3416
1900	2059
2588	1916
1916	3408
1916	2104
3703	1916
3162	1916
1166	1916
1916	3141
1916	881
1916	985
2809	1916
1916	256
1916	967
1556	1916
1916	1598
2437	550
796	550
2168	3444
3444	663
285	3960
2062	530
3342	2357
3342	3094
3162	3342
3342	2062
855	3341
3342	2893
1255	3341
3342	1626
3342	2552
3094	3342
3342	2724
530	3342
490	3341
3342	3247
2893	3342
1164	3130
3341	3247
2969	3341
2415	3130
3342	2169
2347	3342
3872	3342
3984	3341
3341	370
530	3130
3342	3329
3342	2347
2969	3342
2062	530
1129	3341
859	3341
3341	490
370	2972
3984	3342
1129	3342
3131	3341
490	3131
490	3247
490	3718
3341	3872
3342	490
2110	3342
358	3342
490	3341
1164	3341
2332	3329
205	3342
3094	2893
3131	3341
3341	855
370	3341
3329	2347
2062	2123
205	2062
3329	3903
3169	2062
3329	3342
820	2062
2062	603
3329	2415
3025	3016
579	3329
3329	2062
3329	804
146	3329
579	3329
1931	3329
861	2062
530	2062
1540	3329
529	3329
3025	3329
2799	2287
3329	177
3329	579
3329	1938
3329	3712
714	2062
861	2062
2062	455
1938	3329
1540	3329
817	3329
4223	2062
3130	3329
2062	2345
2062	3026
3329	820
579	3329
1324	2588
2062	1399
272	3016
146	3329
2313	455
309	455
455	2411
3927	455
455	3258
530	2062
3061	1324
3245	2062
2062	2902
2062	576
3831	2062
2062	861
861	3329
175	2062
861	2062
1279	1004
3959	988
1986	3959
3959	2176
3959	111
3959	526
3959	2781
2103	3959
503	2270
503	1308
81	3821
1587	1598
2191	1598
1884	1587
2210	3405
1587	2210
1587	1352
3597	1904
1587	269
2763	4162
2774	4162
2311	1587
2311	3597
2931	2191
924	1321
1587	2763
283	2098
2311	1587
2774	1587
283	2839
2191	289
4162	269
2311	1587
1587	289
281	3597
4162	1587
269	3597
1587	281
4162	924
1587	2839
2191	1587
4072	1017
11	3589
2072	1900
4119	1385
2609	3743
3639	1061
2609	1330
1385	4141
688	4119
1378	732
4046	1330
3415	4141
4040	4116
710	4019
2123	4019
4019	2123
4019	1556
1776	4019
2104	4019
3489	4019
2445	4019
1788	4019
526	4019
2377	4019
2681	4019
4019	3489
4019	3545
363	4019
4019	723
4019	2085
4019	526
1900	285
1900	4199
1615	688
3416	1900
4109	1900
2533	4199
2350	1900
650	1900
2845	1900
3743	732
1900	518
4127	1900
4118	663
4118	1900
2219	352
2506	1166
3772	2478
352	1166
3390	2478
3041	1166
3272	2478
3405	1166
3772	1166
3390	1166
352	2478
1166	1464
1166	2347
1166	476
1166	3269
1166	1066
1166	3378
1166	267
1166	214
1166	3933
1166	689
1166	877
1166	1747
1166	2511
2478	2076
2478	2475
2478	3707
2478	1994
2478	3545
2478	2443
2478	928
2478	2123
1166	209
2176	2478
2478	1788
2443	2478
3923	1166
1415	1166
1166	2443
2478	2347
209	2478
1166	3141
1166	2475
1166	2176
1166	4022
988	1166
2478	920
3923	2478
1166	376
723	1166
1166	355
1166	2739
3849	1166
2739	1166
1166	1556
296	1166
2478	675
1875	1166
1166	2871
1166	2506
3563	2478
1166	2214
3395	1166
1166	3563
1166	296
2478	2588
1788	1166
1166	3545
2478	3563
2970	1166
1166	267
2150	1166
3800	2478
2781	2478
2970	1166
1166	920
1166	928
1166	1916
1166	2104
1166	2590
1166	92
1166	3791
2478	2809
2478	575
1166	3649
1166	2345
2176	1166
424	2478
1166	2731
1166	1415
2076	1166
3489	1166
363	1166
1166	3703
1166	985
3162	1166
1166	4019
1166	391
209	1166
3944	1166
113	2478
1166	2724
1166	575
2214	2478
497	983
2541	1166
526	1166
1166	2970
2104	1166
391	2478
2377	1166
2478	2176
3348	2478
1166	2076
296	1166
1166	1788
1273	1166
521	2478
1364	1166
3123	1166
1166	1248
2214	1166
785	2478
417	1166
1731	2478
2028	1166
2104	2478
1731	1166
1166	1364
2478	2970
3972	1166
1166	3707
3959	1166
2265	2478
1166	2123
2764	2478
1017	1166
1166	2588
2478	1364
983	1166
2809	2478
1415	2478
2809	1166
391	2478
1220	2478
1220	1166
1166	764
1166	1598
1166	3944
1004	2478
3563	1166
414	1166
2665	1166
424	1166
318	2478
2162	1166
2357	1166
815	1166
3800	1166
1380	2478
2478	1166
1875	2478
318	1166
4212	1166
2028	1166
391	1166
1176	1166
4019	1166
1166	603
3944	1166
2356	1166
4107	1166
2478	391
2028	2478
528	2478
460	1166
3753	2478
1166	3489
1166	391
565	1166
363	2478
3405	1166
1491	1166
710	1166
1166	352
1166	3707
1166	710
3773	3390
1166	3405
1166	214
1166	710
3827	97
2153	2262
2605	2153
2198	2153
3162	2153
2445	2085
2970	2153
2153	2357
2101	2153
2153	2478
3944	2153
2478	3703
198	3704
3703	1556
1783	3704
1884	2104
1884	1598
1884	2316
2856	1884
3405	1884
1884	2531
1884	1448
1884	352
225	1884
2104	1884
924	1884
3611	1884
1448	1884
1884	2856
1884	3405
2379	1884
1889	1884
1884	2475
420	1884
1884	1889
3439	1884
3773	1884
1865	3405
2379	1884
1884	1864
95	1884
1884	2379
1980	1884
1884	1889
1884	1865
3454	1884
285	1884
1587	1884
2202	1854
2202	1206
1652	2202
2202	1379
1498	945
1448	3633
877	15
877	4071
2347	1770
2693	4053
877	15
877	2776
835	495
884	364
1166	355
3162	355
355	1066
110	1955
355	815
355	967
2809	355
250	355
111	355
1951	355
355	18
2104	355
3162	2911
3454	4137
1556	1916
2792	4162
4162	1587
3611	506
3611	2322
2202	2357
2647	3162
506	156
1448	1729
376	1729
575	4135
284	4161
1598	575
3773	1448
3773	113
118	3773
2535	284
284	1395
3600	284
284	701
284	3876
284	3232
3085	284
284	3158
284	1395
284	700
1432	284
700	3876
2883	688
284	3041
2531	284
3743	284
1877	3545
3972	1415
1651	1415
1878	352
3882	3335
2370	2443
2194	2443
2445	3026
2445	159
2569	57
1018	4150
2123	2176
985	815
988	2591
1415	1279
815	3714
1415	3714
3714	3563
3714	1273
3563	1279
3714	2478
2739	1279
2739	1184
2198	1415
2739	2198
3714	2739
3707	3162
2198	815
1279	2741
1184	815
87	3563
3563	2198
2739	87
143	2739
1994	815
2739	2176
2262	815
3828	87
3714	2103
3713	296
2198	2103
2198	3563
2103	2198
1747	296
2103	1415
3713	2176
2103	87
3707	815
1747	2176
2270	2419
3563	1994
528	1415
2270	2588
1875	3828
1875	386
296	2739
2739	453
2739	1091
815	4
2917	2588
529	2332
3123	2739
2739	2103
2357	2739
2103	296
2739	2123
3972	2739
1220	2739
3563	3707
2917	1146
528	2739
2103	386
2147	3563
2605	3563
815	2103
815	1279
2605	815
3563	815
2739	1017
3563	2176
3162	3714
2103	2739
1273	3563
988	2739
2811	3563
3188	1415
815	3563
2103	2123
2739	815
2198	1415
2983	3563
815	1146
390	2739
1747	2739
2103	3563
3563	3888
2739	3555
2478	2781
2739	2198
2198	3563
2103	2674
3555	386
2739	299
3827	2739
1415	3563
2781	2739
2103	815
3849	2316
962	2809
2400	2809
1184	1273
3335	3743
2533	4141
2533	4116
663	688
3902	4116
732	663
2533	4118
4109	3743
3743	2609
2601	663
3416	3743
1166	2483
1587	2483
2104	2483
2483	1598
786	2483
3823	2483
2483	1729
2483	2809
2483	2316
2483	2214
2483	2104
2483	575
2483	2357
1598	2483
376	2483
2483	111
2483	1556
2483	2443
2483	4212
2483	2478
2483	2140
985	2483
2483	3233
285	2483
881	2483
256	2483
1916	2483
967	2483
3080	274
3800	143
2140	1598
2447	1556
1556	1568
1004	1556
2371	3086
2364	3114
1955	3791
1549	424
1955	2104
1549	2214
1955	2809
1700	1884
2862	1598
985	1549
1098	2316
1955	1700
3055	1700
2415	205
2731	1448
2509	285
3638	3772
2731	3405
1874	2854
1558	2811
2109	1558
3579	1740
1558	1004
2162	1558
1790	1568
2355	1558
2478	1558
522	1558
1004	1558
318	1558
3579	1558
132	1004
296	1558
1364	1558
1558	3348
2443	1558
460	1558
4190	1558
3162	1558
113	1558
960	1558
143	1558
2109	1568
3806	1558
390	1558
2265	1558
1166	1558
1740	1558
1558	3929
1558	209
1558	142
815	1558
2109	1558
3473	1568
1558	2684
1558	26
3707	1558
1568	1558
2781	1166
175	2062
175	861
2223	3141
2223	2123
2223	881
2223	2104
2123	2223
3272	2223
3933	2223
2223	285
2223	3772
2223	3454
558	2223
2223	1448
2223	894
3390	2223
285	2223
2223	3933
2223	352
650	2223
2223	924
650	2223
2223	1587
2223	2322
650	2223
2223	2123
2223	894
2223	1448
650	285
247	2223
2871	2622
2871	792
2871	2596
4069	1291
1770	2724
2975	1105
1069	3122
2346	193
2975	398
1558	3545
4149	2446
2446	1556
2446	2355
3818	2446
2355	3545
1558	2446
3545	1674
3761	2446
785	2446
2446	1346
3545	3988
395	2446
2446	2028
2894	3545
3177	2446
2123	3390
2028	3390
118	745
1448	118
92	2028
745	3773
745	3390
3390	3416
2123	3272
3773	2506
3638	2506
3390	118
3405	118
1359	2419
3754	3790
2590	3790
3583	3790
709	3790
3790	2590
3790	4022
3790	2746
3790	4092
2746	3790
3611	2123
2322	2123
3611	1630
506	2123
3611	3329
3611	225
3611	877
2123	506
3611	1448
2322	3454
3611	3454
2123	2322
2123	3611
2123	506
2731	3611
3773	2322
1448	3611
506	2856
3611	3772
3773	506
1448	2322
1448	506
2856	2322
3454	2856
506	2322
3454	2322
3454	3611
2322	506
2322	225
3405	3611
3772	3611
3454	3611
3454	506
924	3611
2223	3611
285	3611
2123	967
967	225
1464	967
710	967
2588	967
476	967
3390	967
967	710
967	2871
967	476
967	877
967	2347
967	1464
967	924
967	2588
967	1951
967	1587
967	4022
967	214
967	627
2176	967
967	2153
285	967
988	967
2214	967
618	967
967	2809
2478	967
2104	967
3162	967
2357	967
2104	967
355	967
113	967
3611	967
1166	967
530	3061
967	2104
1558	967
125	967
526	967
2443	967
3489	967
3735	967
967	4191
1788	967
363	967
967	1556
2223	967
612	967
2103	967
924	967
3348	967
1448	967
28	967
1729	967
1630	967
1556	967
967	3405
967	1558
967	1994
1381	967
1587	967
2322	967
967	355
967	2809
967	2153
1884	967
942	967
1066	967
1432	967
2845	967
967	2214
967	521
967	2176
967	815
967	3563
967	3162
967	1415
967	2357
285	967
967	3700
967	3959
967	2104
319	967
2883	967
967	4019
3492	967
1166	967
3773	967
967	526
967	111
967	3390
250	967
967	2443
1777	967
3454	967
1630	1002
285	967
2103	967
280	3704
2533	661
1987	2531
3041	3405
1987	3041
3048	3041
1408	4141
3390	3041
3093	2012
1885	1448
3488	2443
2194	2443
363	2443
3452	2443
3452	3545
4152	2443
815	3649
3563	3649
3959	3649
3649	4019
3563	3649
2446	985
1877	2445
143	3545
1994	2446
3545	2103
3545	143
2478	3545
2809	3545
3707	3545
2357	3545
3545	2370
3162	3545
2445	3452
2446	3545
3545	2446
3545	3452
2481	3545
3545	1674
3545	3877
3545	1877
3452	2445
627	1166
2811	2262
627	521
627	2811
2265	3063
627	3572
627	2265
627	3853
627	460
627	3162
627	2357
627	3944
627	967
627	2104
627	3849
2322	518
518	3597
518	2322
518	924
1884	518
3454	518
111	2588
111	2104
391	111
1448	285
1408	1987
3743	4119
3445	1900
4109	3415
351	1900
1900	2219
2047	1900
1190	3415
2370	2498
1791	521
1082	4038
1986	1004
2109	2800
159	3160
3714	1166
2262	2109
4107	2076
2198	4107
1986	391
1177	2355
3707	1736
3972	988
3714	391
3714	4038
2198	2109
492	2262
2198	988
87	1017
87	3565
2808	3735
2198	2214
3714	424
2198	1273
3714	2894
1279	1364
1986	988
785	159
296	3714
1177	390
4038	1986
1986	2214
1986	2106
2150	3565
460	3714
2754	1875
87	2083
1986	1011
111	526
3714	2109
4020	1011
3714	2357
2357	3395
2076	1023
2970	522
1279	785
1023	3489
2808	2970
2983	111
3489	988
2592	2198
1875	573
1986	2022
3714	507
2022	3714
3714	1249
1004	3714
3714	2355
2176	2750
3714	390
460	2106
2109	4020
1986	823
988	2983
3714	2328
2109	119
2355	3123
2176	2541
2478	988
2103	87
391	2781
522	3923
2176	2109
522	3714
3982	3714
3160	1706
528	2800
3800	522
3162	521
3923	2357
2176	1023
3972	2150
1279	528
460	639
2109	3110
390	296
2265	3801
1167	3972
497	3714
3818	1011
2109	3972
2150	2176
2781	3325
1875	2022
3923	785
417	528
2022	2480
1279	2109
3818	390
390	3972
988	3579
3818	785
2153	988
2109	528
2076	3800
2083	2357
1011	2355
1706	2109
87	2355
209	4020
2109	2739
2150	2861
296	2355
2808	296
521	296
2176	3160
2109	2076
424	988
2357	639
3818	1364
1788	4107
2894	2983
2109	823
1875	1243
815	2106
2083	3714
460	296
2109	3395
2176	2781
2262	1023
391	87
296	424
2355	3982
1166	2214
87	1736
2808	2775
988	2103
2176	3972
4020	3395
988	2109
2109	388
296	2109
3160	2109
2665	2970
1108	1017
2970	521
2198	3325
492	209
1875	3160
2109	1017
2214	1220
526	522
2150	2894
2855	522
2775	3923
2894	3923
2265	522
1115	3923
528	2983
2541	3923
390	2109
988	1364
3853	300
505	460
988	424
746	1017
2103	3408
988	1017
2106	1177
1017	1279
2176	460
2109	1226
296	3963
1017	1177
2214	2541
3123	390
3818	639
2775	3950
3395	815
390	2076
573	300
2741	1875
507	528
3160	2150
113	988
2214	390
1788	2982
2355	2109
2739	3972
1177	2176
2109	4191
2929	2970
424	2480
2214	2355
2198	4020
1017	2328
2153	2970
2109	296
209	3334
3160	1167
4107	522
2214	32
2611	2355
460	390
2480	2109
1166	505
2983	296
3565	1220
1736	2106
1731	2109
507	2198
87	988
209	2109
2176	526
2103	988
522	296
2983	2656
285	1542
2656	3545
3985	1542
2443	391
2443	2656
3545	2656
2705	2443
2443	2370
1785	2656
3877	2443
1877	2443
427	2656
2478	2443
2656	285
4149	2656
3950	2443
2854	2656
2657	2443
116	2443
1878	2443
3545	1679
3177	2443
2443	4149
3352	2443
4152	2443
2443	3452
2443	1877
3993	2443
2867	2443
2656	1771
3452	2443
1674	2443
3556	2443
1630	1002
1729	2483
3773	815
710	815
3405	815
815	2347
3563	2123
3563	710
815	2590
2739	2590
1219	2739
2356	3563
815	2104
3563	2104
209	815
3489	815
815	3272
2104	3563
2739	3827
815	1415
87	2739
2104	3555
2214	2739
386	815
3827	453
3828	453
2982	815
3555	815
3828	386
1817	3563
815	1166
417	2739
988	3563
3545	3563
3827	2739
3563	2590
3563	2147
815	3555
3563	2727
815	386
521	815
3563	3857
2739	1398
80	2739
2739	2104
2809	2739
815	2739
3563	1415
3563	3912
815	3563
815	2104
3563	3663
3828	2739
3555	2739
3563	2198
3563	2739
3563	3476
3563	2204
815	417
3555	386
815	4
5	3563
1496	2176
2983	3563
2739	80
815	1273
2739	1880
386	3555
3563	1166
3972	815
2150	3563
2739	1415
3828	2739
153	2312
1598	4022
3141	2588
3597	2316
1448	3141
1884	2316
2223	1598
1321	1598
1884	2316
3141	2104
1598	2054
1598	113
521	3141
1549	1598
1598	2475
1587	1598
2357	1598
1598	627
3141	942
2223	3141
2809	3141
1448	3141
2862	3141
1598	1700
1598	1549
942	3141
1598	18
3141	627
2473	1598
985	3141
3141	81
355	1598
1491	1598
1336	3141
786	2316
1598	985
2104	1598
2809	1598
3141	1625
1598	256
1916	1598
3634	3141
881	1598
3141	1916
1598	1347
1587	1598
111	3141
1598	3141
3851	1598
3141	985
3141	3411
3141	13
575	881
3141	575
4135	1598
881	985
985	1598
3141	3997
1556	3141
575	13
1598	881
200	54
200	3433
200	92
2731	3454
3041	3454
3773	284
3454	1378
209	3454
3454	4116
3454	2856
3611	3454
2168	3454
3454	3416
1448	3454
3773	3638
3638	3454
2609	3454
125	3454
2322	3454
2223	3454
1698	3454
285	3454
1587	3454
3454	376
1884	3454
3597	3454
1889	3454
3454	3758
1700	1549
2731	1615
2531	3902
3743	4118
732	4118
1615	1900
4141	4116
3422	1385
4118	732
3638	4141
1408	3902
1385	3639
4118	352
732	3041
3422	3902
2469	3041
1615	4109
3041	3902
1330	4118
3041	285
4141	4118
3041	352
1321	3041
3390	1615
4158	3902
3743	4203
1321	4118
3743	4118
4199	3041
3404	4141
4046	732
893	4118
3041	732
874	3041
4202	4118
4158	1352
4116	1408
2609	3041
1352	1615
1615	285
3062	1900
4199	1330
1440	1352
1408	4141
1987	1615
3390	4141
732	1615
3902	1900
3405	2883
285	3405
3405	2883
732	3404
3405	285
3405	1874
688	3404
3335	3404
3405	1865
3405	1884
3415	3404
3405	2322
3335	3405
285	3405
732	3404
3405	901
1352	3405
661	3405
4116	3404
4175	3405
3743	3404
352	3404
3404	352
1352	3405
4118	3404
732	4224
4141	3404
1321	3404
688	3404
3405	293
1619	3405
3405	1321
3405	661
732	1473
663	3404
901	3405
1440	3404
3405	1611
3405	2533
1321	3404
3416	2104
1385	3416
661	3416
3041	3416
3041	4157
661	1321
1615	1321
1321	3415
661	2531
2875	1321
3405	3416
4141	3416
4139	3416
3416	2883
1408	3415
3416	4199
3416	1408
1448	3048
3415	3416
2535	352
3048	1900
2535	1321
4139	1321
3405	3415
285	3416
4112	3415
3773	3416
3416	4116
3639	3416
2535	4116
3416	732
2533	4175
2535	3048
352	3416
3404	3416
3041	1385
2526	661
3416	2531
3743	3416
3041	3416
1385	2531
1321	3048
1474	4199
2526	1352
1408	4203
666	1321
3416	1352
1321	732
666	1385
3416	2535
1321	688
1408	3415
2526	3416
2535	3416
3335	352
1474	3416
1479	4046
732	3416
4157	2531
4046	1321
4139	3415
2072	3416
666	4203
3639	3415
3048	4116
4109	2533
4139	4116
3416	1900
2531	732
225	688
2123	1615
3041	688
3611	732
575	688
3335	352
3743	732
2731	688
732	3041
3636	732
874	732
663	1385
2526	2059
1190	688
2219	4116
1352	732
4046	1900
3639	1900
1987	3743
3390	688
732	4201
352	732
3405	688
688	2526
1408	688
1615	1385
3902	688
4046	3335
1385	1615
4109	1385
4203	4116
3416	688
666	1385
2526	1900
3415	3422
650	732
663	688
1352	666
4158	1900
4118	732
732	352
688	351
732	2883
732	1900
2533	688
1352	688
975	688
688	2883
1615	3335
1330	3335
1610	1987
4118	4157
2059	688
2526	732
3048	3743
1378	688
4127	688
4046	688
267	710
267	3405
2202	3454
3454	688
732	3454
4137	3454
1900	3454
894	3454
1381	3454
4109	3454
3454	3823
3454	1491
3454	770
3454	776
2845	3454
2883	3454
3454	1845
1884	3454
2311	3454
1146	3648
2068	2637
2068	2307
3454	2104
3454	3272
3390	2123
3454	2104
3454	1166
2123	3454
1166	2588
3454	985
3772	3454
3390	3454
3272	1448
3611	3454
2322	3454
3454	920
3405	3454
3454	352
352	3454
3454	3405
2856	3454
113	3454
2104	3454
4212	3454
3638	3454
3773	2123
2214	1464
3162	3454
2809	3454
1004	3454
3454	1448
1166	3454
2322	3454
2104	3454
1448	3454
3454	2856
2223	3454
3454	41
3454	2223
3454	2475
815	3454
924	3454
285	3454
3454	1448
2478	3454
2443	3454
1448	3454
3454	733
225	3454
1630	3454
1432	3454
1587	3454
3454	376
3454	2202
3454	3611
3454	689
3454	2123
602	3454
3454	942
506	3454
3454	506
924	3454
3772	3454
1587	3454
710	521
3454	3405
3329	1129
530	3329
1540	3329
146	3329
2062	3329
817	3329
3016	3025
177	3329
3329	272
2415	3329
3445	4109
209	667
3115	1418
209	1418
84	3470
1553	1977
2509	3772
2509	2506
2398	936
4069	710
2042	3244
3501	214
788	928
710	1286
159	3972
3714	3972
3123	3714
1485	3649
3545	1785
2443	1003
2131	567
23	1630
1630	23
1630	612
1630	2944
888	1630
1630	1951
2952	1630
2511	1630
612	1630
1630	1002
1630	1384
1630	1010
1630	612
612	1630
745	3390
1448	118
745	256
2123	2028
709	476
878	4023
878	3272
709	1466
476	1695
3661	532
476	214
274	878
2589	1466
792	928
2590	1146
936	928
2871	1146
4023	1466
274	2123
1466	928
4093	3508
2215	3661
4022	2724
3261	274
3537	1146
274	1998
234	709
1520	928
3661	878
2590	234
3261	1998
532	1998
2589	214
2724	1998
1466	2123
1554	1146
1695	2724
234	3537
4023	2724
3661	70
234	928
3537	928
214	1998
274	2879
2899	2550
2724	1695
709	1998
70	3661
1695	2879
1466	2674
1146	1466
274	1466
1695	2589
3537	3661
1466	1146
878	709
3508	4093
760	214
878	1998
3661	1998
3537	2123
4051	274
2622	2724
2871	1998
234	603
878	3274
2374	214
878	2589
2724	709
3508	274
792	1998
2550	3269
878	3269
878	928
1146	274
1146	878
2871	709
3261	928
274	2724
274	928
709	1146
2550	1998
709	2724
2364	2589
1466	1998
878	2879
1466	709
2589	3537
2998	1146
1554	4051
532	3661
2724	3280
878	2123
2550	2589
709	274
936	214
1146	2550
709	2879
928	2374
3078	2724
4023	3537
878	2674
1146	1554
3261	214
709	603
2589	3661
3537	1998
3261	2123
709	878
476	3537
1466	3661
274	3661
3661	2871
1466	274
75	2674
2693	928
476	878
928	2724
1520	1998
2584	274
1581	274
709	2871
2364	1998
3261	1038
2724	878
928	1998
2364	214
928	234
2584	878
2693	1998
425	2724
709	928
709	214
234	274
2701	928
878	214
928	3269
2374	709
2724	928
1695	928
2374	274
234	214
928	214
1695	1998
928	3537
709	2589
3537	878
928	274
1695	214
2590	3537
3537	3269
2879	709
2879	2674
2129	274
1466	214
1038	234
1146	928
1466	2724
4023	878
2550	928
3537	2724
709	2123
2589	878
2364	3508
2724	2364
2364	2724
4093	2724
214	2123
2329	2724
1146	709
476	1520
928	1695
214	928
3843	928
234	2590
234	2879
476	2550
2724	2899
2584	709
2724	1520
3508	1520
1520	1466
3661	792
1466	2879
2879	878
928	2550
2724	3078
2701	1998
75	3269
671	274
928	878
2724	234
928	709
3661	3146
1038	3261
2899	1998
2724	1466
2966	3274
1554	274
2879	214
3517	2674
2123	2674
2879	3537
274	476
1695	709
2123	2879
1695	274
70	2724
274	792
274	2215
3244	1998
1695	3537
1466	2589
2879	928
3261	2724
2899	3661
3378	2674
2966	3207
2364	274
1466	878
2879	3244
1146	2871
2329	1466
792	214
2364	2123
878	1466
3537	2879
3537	928
2871	3537
234	3274
274	745
1998	1695
274	2329
3078	2879
1466	2550
2879	2123
3661	214
3836	2123
675	274
2374	2674
2123	1998
1146	274
3661	425
456	2674
878	2724
928	1466
3261	2550
1520	2674
709	3661
3207	2123
2724	709
878	234
878	2550
4023	709
1998	274
878	709
2550	274
1998	3261
70	1146
2966	2674
4093	928
3244	2674
2693	878
1695	3661
1038	1998
2709	2879
234	878
274	3269
532	1146
274	2584
2724	3537
274	2622
2724	214
2584	234
274	1146
2215	2724
603	1146
274	3537
928	2123
2879	1466
709	2374
3274	2715
928	3661
928	2879
2674	878
3661	2899
3272	1998
878	274
214	4022
928	1695
1998	3272
3207	1998
2674	75
274	234
274	1581
274	936
214	2871
3537	709
274	2129
274	2550
709	745
1998	2674
709	760
3378	2879
878	2584
3517	1998
2354	1466
234	2550
3661	274
2674	2123
3207	2709
1695	3269
214	2899
1695	476
2966	1695
2550	2123
2790	2550
1998	3207
274	3078
709	2724
2693	4023
878	1695
878	1146
274	75
214	792
1998	878
3207	2879
2674	2709
3207	3269
214	2589
3272	3269
2848	2550
709	2899
75	928
1998	3106
936	2879
3272	2123
3272	2879
2998	4023
41	985
1491	285
1845	376
689	1845
985	1873
2475	376
1845	689
376	1845
920	1252
1252	41
41	920
376	3875
1845	920
920	1845
376	41
770	2475
3759	1491
3937	1845
1252	689
2475	920
920	1491
1340	1584
1491	3964
936	1146
2724	1998
710	3508
2590	2584
1998	710
2899	2123
710	1146
274	1146
215	1146
2589	1146
1146	608
2871	214
476	2724
1146	476
1146	2584
3661	1998
2724	4093
877	2123
3508	936
710	1464
877	1146
2899	1146
1146	877
3661	936
1146	274
4093	3661
1146	2589
1146	215
1464	2123
214	936
476	274
877	710
710	2589
274	710
274	3508
1464	2590
2590	2724
214	1146
1146	710
455	2724
877	214
2724	3288
2724	476
2004	2724
2374	2724
1146	4093
274	2123
936	3661
792	1998
760	2724
274	1998
936	2374
2494	1146
936	1464
936	274
2589	710
1146	214
2966	1998
476	4051
274	2374
1464	2724
214	274
710	3661
2374	3508
2674	1998
3378	1998
2899	2724
3405	3454
3405	700
3405	2875
3743	3335
285	3405
1448	3405
4139	1987
3405	2168
661	2526
3416	2875
3415	3409
732	3404
3405	2883
3743	2731
3404	1321
3390	3405
4109	2731
1987	3422
1385	3405
3405	261
661	3405
351	3415
661	2609
3416	3404
1900	4139
1600	3405
4139	1330
4046	3422
351	3422
4139	285
3405	1865
688	3422
2531	4040
3422	3404
1600	2609
4118	3404
3422	732
3422	1385
2883	1469
3405	3335
662	3404
4116	3404
351	3405
1790	4019
786	2104
786	1321
1700	786
3454	786
786	3141
786	1916
786	689
786	256
786	376
786	985
786	881
786	18
786	2202
786	967
920	786
924	1587
3597	1587
2311	1587
1587	2931
281	1587
786	2311
2191	4162
1587	2311
2774	1587
1587	3598
3772	1826
3105	2108
2101	113
1459	877
2899	1975
1975	2899
2899	2431
2374	3021
2374	3508
2374	3272
2374	2724
2374	2588
2374	2123
391	1986
143	1004
143	2478
391	143
1364	143
1380	143
2684	1166
1166	143
1177	1166
1558	1568
3579	143
785	143
142	1558
2478	1568
3791	3936
2419	1442
3791	3309
3791	3019
3049	3019
2419	3026
1018	584
2419	3019
1018	3357
4199	1352
3902	1615
3405	4109
3405	1330
118	710
3335	3405
2955	4075
82	2975
2347	613
1184	2076
2150	1994
3405	4212
3773	4212
2123	4212
3272	4212
285	4212
4212	2475
4212	2347
4212	2176
4212	3563
988	4212
4212	2443
4212	985
4212	352
4212	920
1225	2104
4212	2347
4212	2419
4212	2076
4212	3405
2198	4212
4212	2588
4212	2104
4212	209
4212	815
4212	3773
4212	2123
2739	4212
4212	3272
4212	710
1166	4212
1124	4212
4212	2588
1225	2588
296	4212
1225	4212
2605	4212
3959	4212
528	4212
526	4212
1364	4212
2983	4212
1004	4212
3944	4212
1371	1018
1371	10
18	2003
880	1916
3390	3960
3390	285
866	865
3390	865
3390	1432
866	650
3390	2168
866	285
558	865
866	3638
2131	4090
2131	2076
2131	2707
60	2279
1003	2443
3061	2588
785	2076
2605	2076
2162	2076
2265	2076
2103	2076
2970	2076
1004	2076
2970	2076
2970	2076
2076	2970
2076	2262
3342	2076
2076	23
2076	815
2076	2347
2076	2104
3162	2076
2076	2969
2076	528
2076	2929
2076	2811
1166	2076
3944	2076
1364	2076
2970	3130
2357	2076
296	2076
2811	2076
3959	2076
2970	113
2478	2076
1225	2076
1184	2076
1225	2970
521	2076
1166	2076
4212	2076
113	2076
2076	2590
2214	2076
2076	2176
2076	4212
2076	2103
2103	2970
2076	113
526	2809
2176	526
526	2104
225	285
285	1166
285	2104
2731	285
3773	285
352	285
285	985
1448	285
285	3638
2357	285
285	3611
2809	285
4212	285
2104	285
285	1448
521	285
1587	285
285	2475
2223	285
2883	285
3638	285
2739	285
2478	285
285	2883
1321	285
815	285
285	2883
3390	285
285	1955
285	3454
3563	285
1448	285
1432	285
1884	285
3454	285
2322	285
3960	285
1166	285
1874	285
4137	285
1700	2483
1381	285
2875	285
2609	284
666	284
284	3743
284	1378
2883	4116
2883	3405
4137	284
284	1395
284	3638
3454	284
284	3876
663	701
284	1587
3808	284
284	700
3937	285
2883	285
285	2845
3876	285
285	700
285	1395
3444	285
1781	285
285	3876
701	285
2072	285
285	1874
700	285
285	2883
2883	285
285	700
1166	603
1415	290
2103	3714
2214	3714
3563	603
2214	1252
424	3714
1011	3714
1184	815
1011	1485
2214	1485
2214	603
2103	1485
2214	1986
360	3714
1056	1248
2214	2588
2103	1442
3857	3714
3714	1415
3714	815
1184	3563
3714	1273
1485	3563
3714	507
3742	3790
3743	3335
732	2104
3743	688
2731	3743
3743	732
1987	732
2531	1352
3743	4118
1352	4109
663	1352
3743	1385
1600	3743
4211	4116
2526	732
3048	1408
3743	1352
4109	1352
1617	1352
2609	4199
3743	3772
4116	3902
4116	3335
3743	1900
1330	3415
1330	1987
1615	1987
2045	732
4197	4116
688	4116
3415	688
3611	2856
2322	2856
3387	3638
866	3638
2509	3638
284	3638
2168	3638
2103	290
2856	2322
2856	2322
3611	2322
733	225
506	2322
1364	2534
2811	3707
113	2263
1986	113
1986	1023
2262	113
2811	3063
1279	3182
2262	2534
3735	113
3707	2811
209	113
1930	113
869	2811
1994	113
1023	3714
2262	2811
32	113
2970	2811
113	3707
3707	2811
300	113
391	113
2400	2162
2811	32
2983	985
2263	3972
4019	3411
390	3756
1491	3075
2882	2103
1415	449
521	3026
1273	1079
2103	449
2103	603
1184	2478
2214	2409
424	1079
113	1279
2214	1485
1184	3579
2103	1177
2214	603
2103	1485
87	1248
3714	2478
1011	3714
3714	521
1485	2478
2214	1986
3579	1485
2198	2054
424	2409
113	462
1077	2743
507	3714
1166	3714
87	971
2103	3962
2263	391
2592	2409
1093	3714
424	3714
1485	1004
2263	1166
460	2262
1485	1166
2214	3714
32	1380
3714	3579
1004	3714
113	3936
1485	1364
1485	1380
1166	1184
2952	3563
1485	1004
1485	113
3714	1380
522	627
521	2347
2263	1004
1415	1874
1177	3563
3714	1017
3714	2109
1485	2764
1177	815
627	3849
4212	3849
2983	3849
3849	2811
3849	113
3849	2104
3272	1556
2123	1556
2347	1556
710	1556
2588	1556
1556	2588
1556	3405
1556	3342
3342	1556
1556	1598
1556	2970
1556	92
1556	2076
113	1556
1556	414
1556	2176
1225	1556
1166	1556
3563	1556
1556	3272
1364	1556
815	1556
1556	424
1556	810
1556	2123
296	1556
2739	1556
1415	1556
1556	988
1556	3849
988	1556
1556	2605
319	1556
2162	1556
3649	1556
785	1556
2176	1556
1556	2104
1556	2214
3849	1556
1556	2103
2214	1556
2446	1556
1556	1464
1556	2588
3579	1558
1556	1017
86	1556
1556	2651
1556	2739
1556	2347
3162	1558
3703	1556
521	1556
1556	1415
1556	497
1273	1556
1556	214
1556	710
1556	1004
1556	1273
1556	3563
1556	2104
2809	132
3923	1556
2103	1556
1556	113
4172	1556
2076	1556
1556	639
2248	1558
1556	785
2475	1557
1556	296
1556	4022
1556	318
1710	1556
2198	1556
1556	521
1556	2265
1556	815
1556	1166
1500	1556
2482	1556
1166	1558
1556	2162
1556	2809
1556	1073
1556	2719
132	37
113	1558
132	1556
1556	1380
3773	1556
2054	2739
528	1556
355	1556
132	3466
1556	23
132	1040
1558	2575
1558	3929
1556	2419
2809	1556
1556	1225
391	1558
2341	1556
1556	142
1556	1951
3867	1556
209	1556
1556	132
1556	26
1556	3123
1556	267
1556	3806
1557	1568
1556	1568
1710	1558
3466	1556
1569	3806
1556	1364
132	26
1556	923
1004	1556
1558	132
2104	1556
26	1558
143	132
3545	1556
1556	143
809	3940
1556	329
132	1568
3473	1558
1556	2665
1556	2357
1558	1040
1556	460
143	1558
1556	4212
1556	2248
1556	3579
1556	132
1556	960
960	132
3257	1558
1853	1556
144	2952
3944	1556
1740	1556
2357	1556
1500	132
143	1556
3707	1556
1556	3306
1556	2684
1556	3162
194	132
194	424
194	3856
3855	194
1526	1279
352	1788
1788	352
2588	1788
3162	1788
4152	1788
1788	528
4212	1788
1994	1788
2809	1788
1556	2681
113	1788
1776	3411
1225	1788
1788	4019
3707	1788
1166	1788
3700	1788
1004	1788
521	1788
3707	1788
2983	1788
1556	1788
2103	1788
2478	1788
2357	1788
2176	1557
1729	1900
3707	3272
3611	2123
1448	2590
2322	2123
1448	710
1448	3272
2590	2475
3611	3272
2590	920
225	3272
3454	3272
1464	3611
3272	2104
3638	3272
2590	530
1464	3130
352	710
1464	530
1464	3329
710	3342
2590	3707
3405	3272
710	2590
710	2478
2123	2322
2123	3611
2062	2590
3272	3454
3272	225
710	2104
3772	3272
3272	3611
3272	688
710	652
2123	2879
2104	4022
2104	2590
3773	3272
113	2590
3773	1464
1166	710
3773	2123
2809	3272
2809	2590
391	2590
3773	2590
2214	2590
2731	3272
3390	3272
1451	2123
988	2590
521	2590
3405	2590
3773	928
2104	3272
1451	3272
113	1464
2357	2590
3773	710
1319	1448
1850	2123
2478	2590
2104	1464
521	710
3773	1451
113	710
352	3272
3162	2590
352	4022
476	1464
2104	2590
2104	710
1166	4022
4212	4022
3707	2590
2590	877
2590	1464
2809	710
521	4022
2590	3272
2590	2123
2590	3661
2899	1464
2809	4022
2589	1464
2590	2724
2590	2701
3661	710
2478	4022
1146	710
2899	2068
2724	2590
2590	3333
2374	1464
2724	3272
2622	1464
760	1464
2590	710
2590	2345
936	1464
2590	3537
3508	2590
2104	3272
1146	1464
1581	710
2104	2590
4022	877
2590	671
1286	1464
1166	3272
476	2123
2589	928
2724	710
2590	2879
710	1464
4064	710
3122	1464
710	2589
1166	710
745	1464
274	3272
3078	3272
274	2123
2590	3272
476	710
2347	2590
1835	1464
2724	2123
1573	710
710	2724
710	3272
2590	4051
476	1464
671	1464
2590	1146
234	928
1581	2590
551	710
3661	2590
710	476
760	3272
2329	2590
2590	3275
3661	1464
2584	2590
792	1464
903	1464
1305	1464
3550	710
1017	2590
710	274
675	1464
928	1464
2104	4022
1464	2590
3508	1464
710	877
1146	4022
2724	1464
2129	2590
710	3615
1389	710
476	2590
3261	2123
3049	2590
877	2123
4069	710
1305	710
476	928
1695	1464
2345	3272
425	710
2693	928
2104	710
234	2590
710	2746
2879	1464
3363	1464
2413	1464
652	928
2701	1464
2550	1464
3283	1464
2129	1464
710	214
2590	3026
877	3272
2376	928
2590	928
2044	1464
2871	710
3405	2123
214	1464
2871	3272
2693	2590
1241	928
710	4093
1299	2590
760	710
3537	2590
675	2590
3791	1464
2590	1464
2701	710
2590	3378
456	2123
113	4022
2590	710
3843	928
2068	928
1464	3272
44	2223
4069	928
1464	2123
1299	710
2590	3508
2590	1998
382	710
2590	3280
2790	1464
1323	1464
877	2590
2590	2347
2966	1464
928	3272
2589	710
1166	1464
1038	1464
2049	1464
4022	2123
4023	710
760	2123
2413	710
1146	2590
710	2589
2879	2123
1573	1464
2590	745
106	1464
672	1464
239	710
1695	3272
75	3272
4022	681
3272	1464
2590	2123
2354	1464
3261	3272
2329	1464
2871	1464
2724	928
2584	1464
4022	928
2871	928
2419	710
2374	2590
430	928
4093	928
1284	928
2079	710
2590	214
3537	1464
274	1464
3078	928
214	3272
2589	1464
710	792
2765	710
3522	710
2354	928
70	710
584	928
792	2590
2590	234
4023	1464
3078	1464
476	3272
1483	1464
3522	1464
2746	710
2590	2329
2590	3078
1520	1464
2590	3122
2590	2998
3533	2123
760	476
2391	1464
1464	2589
4022	2550
790	710
4022	1998
2584	710
1520	3272
4023	2590
2622	710
652	710
331	1464
274	710
425	1464
2347	2590
932	1464
1319	4143
2123	928
3292	1464
234	1464
3843	1464
3122	928
3244	3272
671	710
234	4022
1146	3272
4022	214
4022	2746
4022	3026
3661	928
1018	928
2848	1464
551	2590
681	710
4022	2104
936	710
2550	710
4022	3122
584	1464
4022	3143
2374	710
3378	928
2135	1464
3006	928
2590	3661
3261	1464
2879	3272
710	70
456	3272
4022	2724
4022	2590
4022	2584
828	1464
4022	476
1991	928
1464	2123
3106	928
3207	928
2104	1464
3282	928
710	4023
455	1464
4022	3078
877	710
1332	1464
3791	928
3086	928
4022	3261
2590	1695
710	3122
4023	1464
710	2589
3078	2590
1305	2590
2967	710
4022	4083
3378	3272
2966	928
2590	2409
4022	2871
3207	1464
710	2123
4022	1146
2590	2104
75	710
4022	3272
877	1464
4022	3363
4022	3146
2998	710
1464	4023
4022	1464
382	1464
4022	1305
1434	1464
266	928
2590	2718
3308	928
4022	710
1464	2899
4022	2374
4022	3269
2590	551
877	3272
1464	3261
3244	1464
4022	2419
2079	1464
2590	3363
2590	2550
2590	3351
3537	3272
2305	1464
4023	3272
1085	928
4022	603
4022	760
1464	675
1000	928
4022	3661
4022	2123
1464	928
1464	2590
2693	1464
3272	710
4022	2998
3537	928
4022	745
1464	3078
1464	2354
4022	234
2899	1464
710	3812
1835	2590
1464	710
2404	1464
4022	936
1464	2391
1038	710
1464	671
2780	928
710	760
3102	928
2590	2966
382	3272
2709	928
710	3147
4022	877
1464	1581
2590	3272
2590	3078
2675	1464
2879	2590
2590	1359
2590	1451
2104	2123
710	51
1464	2693
603	2123
710	1286
2374	3272
1464	1146
476	2590
1464	2079
4022	2622
476	928
3933	3272
2822	928
2590	3244
1464	2584
4022	1520
710	4064
3272	2123
476	3272
1464	2871
4022	675
2622	2590
4022	3791
710	234
3101	3272
788	710
3836	928
760	1464
2590	3146
2445	3452
785	3416
4019	1448
118	2129
2709	1451
2129	118
2129	1451
2475	785
711	118
2129	118
2129	3933
2129	118
2129	785
2129	985
985	3405
2709	118
455	2347
2709	1451
214	877
2674	2871
118	2129
928	2674
4093	2709
3208	2129
1985	2879
2724	2871
92	785
3416	118
2584	877
2079	3261
2724	2709
1448	118
476	2871
2871	2129
711	2590
3244	2129
928	2879
3773	3416
1581	2129
3615	2129
2374	4094
1448	118
3773	118
790	2709
3537	2879
4093	2129
936	2374
3638	118
1573	2129
877	2709
2871	2809
274	2129
70	2129
2879	2129
416	456
2215	711
3261	2129
75	2129
214	2129
3843	2879
3143	2590
1660	1451
3390	3416
2871	2129
2329	2129
234	2413
2998	2129
416	2674
1695	2129
1464	877
2879	2871
2347	2791
2588	2129
3405	118
2871	1011
3244	456
928	2129
877	2129
2701	2129
2590	711
2693	2129
2129	2590
2674	790
1103	2129
2347	3275
3263	2129
3377	2966
476	877
3377	2871
1884	3416
3517	3377
2374	118
3431	2129
2590	2129
2215	2129
1464	877
1174	3263
2709	2871
1451	2709
3244	2129
2347	3333
2347	3292
2983	4149
985	4149
3707	2447
986	2443
2370	2443
4152	1877
3488	2443
3545	2443
1208	2443
2656	2443
1878	1385
1674	2443
1674	3545
2443	1674
3545	2733
4149	2443
1987	3902
1987	3902
2658	2446
1317	2446
2370	2446
1003	2446
391	2446
3959	2446
2357	2446
2446	1317
3601	2446
2657	2446
3877	2446
3488	1877
3693	2104
3693	3162
3693	3707
3693	1598
3693	2662
3693	1556
3693	3993
1877	3693
3773	1698
3773	3638
3773	3638
2731	3638
2601	3390
3638	1432
865	1378
3638	1381
18	1955
1432	1381
1448	1432
4137	1381
1432	1381
1432	3973
1432	3344
1432	1381
1432	1381
1381	864
736	1432
1700	1955
3344	1432
285	1432
1477	1432
1432	1381
1432	1477
1381	1432
3390	1432
1432	1698
2104	1381
2601	2531
1884	1381
1884	1432
3444	1381
2601	1381
1381	1432
1432	865
2809	1381
3454	1432
285	1432
3960	1381
4137	1381
1166	1381
1432	1381
2601	688
3973	1432
1381	1432
865	1432
3444	1381
3973	1381
1477	1381
3743	2601
3405	2104
2123	2104
3272	2104
985	2104
920	2104
2104	2588
2104	214
2104	2123
2104	2347
2104	3378
2103	145
2104	4022
2104	3272
2103	603
2104	2588
2104	3405
2588	2104
2103	2409
2104	2347
506	2123
2322	2123
2123	506
2123	3611
3611	156
506	2856
1448	3611
1448	2322
924	506
772	2856
1845	920
112	2475
689	920
376	41
689	1845
920	1491
920	3024
920	376
1491	920
920	1845
920	405
920	2475
920	41
2475	920
920	3082
920	1252
2313	3317
455	623
2313	3258
623	455
3317	455
455	3317
2413	603
2345	2336
1318	750
2413	3970
603	3793
1318	3747
2345	2588
2413	2345
2413	3778
2413	1318
2345	3747
2413	751
603	3947
2123	2430
1318	3747
3747	3447
2345	3275
2345	1421
1318	2344
2430	3747
2345	2344
1318	603
2413	2345
2345	717
1318	750
39	3747
1318	2123
1318	1421
603	3005
3747	2413
1318	3862
856	1318
1318	2345
1318	1464
2345	3747
2345	603
3447	603
1318	709
2345	1318
3747	3717
603	1318
2413	603
2675	3747
999	3747
3747	2430
1318	3274
2345	2413
709	2430
2345	3862
679	2497
3950	1969
3950	300
1226	573
296	2443
296	1986
296	1279
296	3713
296	2103
1279	414
296	2076
2198	3713
296	3714
296	815
3162	2983
296	2103
2809	2176
414	2076
1124	2103
2357	296
209	296
296	87
296	2811
3959	296
1279	2198
3395	3162
618	87
296	2176
1496	296
296	460
3162	296
2198	2811
3395	2809
2198	296
391	296
1602	296
296	2357
639	296
3579	296
2781	3395
2103	928
1328	1011
589	988
3516	456
1292	3516
118	710
214	2709
2966	2129
3263	2871
3263	790
3791	1018
3791	584
1660	584
1660	3933
2058	3933
1451	3933
1850	3933
3791	2347
2103	3791
1371	584
3791	2724
1359	584
3791	3933
1359	1018
1359	3791
4094	3933
4094	603
3791	1359
3104	3791
1359	3535
4094	584
3791	476
2419	3791
584	1289
3049	3791
584	1148
1289	584
4094	3357
3357	3791
3357	584
1150	584
3791	2403
2746	584
800	584
584	1150
4150	1018
3104	584
1018	584
3357	3933
1018	4094
2739	513
1091	453
1130	2739
3915	3827
386	1882
386	2397
386	3827
2739	3167
386	3555
2449	3828
3298	2739
2215	286
2215	551
2215	4225
2215	551
2215	3197
2215	286
2215	286
145	3458
964	3411
2763	2774
2774	2839
3385	3597
269	289
3597	3385
3707	3972
2754	4019
1776	2106
526	978
363	3565
3489	1023
1731	986
363	2808
4019	2106
1790	1364
3489	2150
3480	815
209	2106
1493	417
1994	2106
526	2894
1747	528
1994	1912
2162	764
3959	2754
911	1023
978	1776
526	2541
3480	2665
764	318
526	986
3123	978
3753	2328
528	986
978	1790
2106	2937
492	1790
3480	318
526	4191
2754	3489
300	2983
2685	3959
785	1731
764	1023
2156	492
460	528
2665	3436
3555	1220
2982	971
526	3923
3753	3160
723	2355
1220	1790
1220	3972
2106	3707
528	3756
318	526
2911	528
4019	3707
1023	2982
2162	4019
386	3123
1220	2355
528	1166
2347	613
3261	516
1747	3714
390	1747
2103	1747
815	1747
1166	1747
113	1747
2809	1747
521	1747
2123	3041
4118	924
4118	1587
2731	4118
4118	3454
1865	352
1378	3335
285	4118
4118	1385
3041	4118
732	3048
1190	3454
4118	1432
1615	4118
3041	1190
4202	352
1190	1884
3041	1385
4118	1884
3639	4118
688	1190
3743	4118
4118	688
1900	4118
3902	663
3041	3048
4116	4118
4199	4118
4116	1190
4199	3048
1615	1190
3743	4116
3404	1190
1190	1587
4118	3743
661	2609
688	4118
4203	3048
3416	352
4113	352
4118	2223
1321	1190
352	4118
663	4118
3743	732
732	3743
3416	3743
352	3048
732	4118
688	3048
2223	4118
4118	732
1209	732
2533	4118
3743	3416
2533	1190
3223	2265
4131	3545
738	2656
3488	3545
3878	2446
2443	362
2279	3704
