# number nodes: 4231
# number links: 9609
# hub: Los Angels International Airport (LAX)
# Date/Time: 27.11.2018/19:00
1385	4046
4116	1321
4199	1321
1352	1321
274	3207
2123	2345
2347	2791
675	2709
3378	2966
526	2478
2085	521
2162	2478
3959	460
2085	3959
3579	3959
209	2809
2076	209
1418	2739
3735	2478
1225	209
2357	209
3735	1418
3162	209
4019	209
3115	209
1994	209
209	1418
209	1994
1166	209
209	84
988	2588
988	710
988	476
3408	476
988	3272
988	4022
988	1279
988	2871
988	3714
1986	823
988	2590
988	1177
2983	988
988	2724
113	988
2104	988
988	1166
988	710
1017	988
988	2478
2809	988
988	2101
988	2104
2104	823
823	2104
1248	988
424	3408
2104	988
1108	988
988	3378
2104	3408
988	2588
988	476
988	113
2104	359
2445	2347
2445	2588
2198	2445
2445	920
1542	2445
985	2445
4149	2445
2445	2123
2104	2445
1751	2445
2357	2445
2445	2866
1556	2445
1878	2445
3162	2445
143	2445
2445	1542
2445	1877
3170	2445
2445	2481
2445	3488
2445	4149
2445	1674
3988	2445
285	2445
2445	116
2809	2445
116	2445
2445	2854
985	2445
2445	3988
1741	2445
2983	2445
2445	985
2445	1225
3452	2445
1994	2445
2182	2445
1004	2445
2445	2809
3545	2445
296	2445
2445	2377
2370	2445
2445	1994
2445	3177
4149	2445
2445	4019
2478	2445
2445	209
3959	2445
362	2445
2445	3545
2445	2162
2357	2445
3877	2445
113	2445
390	2445
1556	2445
2445	285
3352	2445
2445	3993
686	2445
3162	2445
3488	2445
2445	3545
178	2445
2445	1321
2445	3489
2445	3649
2445	113
2445	1166
2194	2445
2445	3707
1166	2445
547	2445
521	2445
2445	3579
3707	2445
2445	296
2445	3405
2445	2983
2445	3881
2721	2445
3545	2445
1567	2445
2445	1448
3545	2445
2854	2445
2481	2445
2445	2176
3488	2445
530	2176
530	2588
530	2347
530	1027
529	799
3026	530
529	3245
529	859
3814	3903
3265	1027
529	3108
529	3245
529	3814
205	529
3278	529
3133	529
530	455
529	3011
3130	530
529	2976
529	2572
529	3011
529	1027
529	3011
530	3311
820	799
820	2572
529	3329
1448	2028
2028	3773
985	1448
2588	1011
745	2028
2345	2888
2014	2345
2345	3010
2345	3947
2413	3390
3405	2345
3773	2345
2345	3773
2588	2345
455	2345
2345	2123
2062	2345
3342	2345
2176	2345
2345	2588
2419	2345
710	2345
3333	2345
530	2345
710	1318
2345	2062
3061	2345
3791	2345
2345	455
2123	2345
2345	3275
2345	603
1318	3274
3933	2345
2345	3272
603	2345
2345	2588
1318	2123
2345	4022
2345	2123
2345	710
2345	3747
2345	2791
2345	936
2345	1998
1421	2345
2345	3329
2345	530
2345	1399
1932	2345
1318	2345
3747	1318
603	2345
2336	2345
603	1399
2345	603
2413	2123
751	2345
717	2345
2413	2588
2345	2724
2413	936
2345	1464
2345	2211
3447	2123
2413	603
603	2345
1318	3244
2345	3288
2345	3261
2345	3292
856	2345
1475	2345
2413	2345
3947	2345
2345	2301
2345	3021
2345	3273
2345	1323
3447	3053
750	2413
2345	2124
3793	2345
999	2345
214	3447
2345	22
2345	2675
2347	2336
1815	11
3753	528
2347	1323
377	4216
2811	597
2811	2357
2713	2811
2811	391
86	2419
1556	2713
2104	86
2162	810
86	2809
296	2713
2809	135
2809	810
2162	2713
86	2265
810	2316
815	3494
32	3563
3823	3410
770	3410
1729	3410
575	3410
3671	113
1777	3410
727	3410
3410	111
2262	1166
1115	521
3410	1558
3800	627
32	424
2502	521
3087	575
2475	3410
296	2502
942	3410
2809	1115
92	1556
92	2445
92	1788
200	1556
200	285
200	2445
985	200
200	54
3700	200
92	54
92	352
200	92
1994	3123
3123	2739
3123	4019
3123	391
3123	2445
2809	3972
3649	3563
3123	1788
3123	3649
3123	3545
3123	815
3123	1415
1225	3123
985	2104
558	1381
3791	2475
3933	2322
3933	506
3933	3611
1448	3791
3933	920
3162	2419
3390	3933
3772	3791
3707	3791
3773	3933
3390	3791
3405	3933
3638	3933
352	3933
3405	3791
352	3791
2357	3791
2478	3791
2104	3791
2809	3791
2104	2746
2419	3933
2809	2419
1166	584
2746	3933
2104	584
2104	2419
3791	3933
2345	3933
2104	3791
3791	2123
530	3791
2104	1359
1464	584
3791	2104
2419	1018
3791	3272
1448	3933
1018	3791
3791	3933
2419	584
1464	3791
584	2123
2104	3933
3791	1464
3933	3791
3791	877
3791	1448
928	3933
1464	2419
3269	3933
584	3791
3791	3535
584	3272
3791	584
3791	1581
2123	3933
1018	3791
584	2419
3791	3933
2879	3933
584	2590
3791	4094
3272	3791
1018	2746
3742	3791
1146	3791
3791	1018
4094	2746
2123	3791
3791	4023
4094	3791
3357	4094
584	3933
677	3791
3791	2403
677	3791
476	3791
3272	2419
1359	3535
1166	3791
3791	1359
3933	3791
3791	3535
2590	2419
3378	3791
1150	584
3933	584
3791	2419
3272	3933
3104	4094
2364	3791
3933	1660
3933	1158
2589	3791
2589	3791
1359	1207
2403	3791
1748	3933
2419	2589
4023	2746
3933	3722
1018	584
2550	3791
3791	2590
745	3791
1359	2419
4094	3933
3933	2994
214	3791
3933	2590
3933	2123
3933	3378
710	3791
3933	877
2105	3791
3933	1018
3933	1683
3537	3791
3933	800
3218	3791
1018	4094
3791	3360
3791	2631
1018	1289
3933	2746
2374	3791
3933	2966
2746	2590
1170	3791
3791	2746
1359	3610
675	3791
2419	3790
3954	584
3791	3933
3933	2849
1683	584
3933	2419
3791	476
476	3791
2993	3933
1018	3933
2105	3791
3791	3405
3791	503
3791	2049
3791	2791
3791	2345
2419	603
3791	3269
3954	3791
2076	3791
3791	2879
1018	1998
3791	2409
2419	1998
3791	3661
3791	3508
3791	1998
1998	3933
1146	2419
603	3791
3791	1803
3791	3049
2811	2917
2811	2270
4203	4116
4124	4116
352	4022
352	2588
352	2419
2123	3416
352	2104
352	2123
225	352
2588	352
2123	352
352	1464
1451	352
352	3933
352	3272
2322	352
225	352
3611	352
352	985
2357	3405
2478	352
3743	285
3405	3611
3959	352
352	2475
352	1432
1166	688
3743	1352
352	2123
352	3416
3743	4203
352	1630
4197	352
4211	352
3335	688
1900	3743
4158	3405
1329	352
4210	352
3405	285
1321	4046
1900	352
663	352
700	352
1321	3743
2533	688
901	352
1352	688
1587	352
1884	352
1900	4046
3454	352
352	3454
3416	3743
1353	352
352	2322
3416	1166
200	352
3405	2809
352	225
2883	688
2123	3405
118	710
3405	688
3405	118
2731	3405
2280	3537
3537	1576
2811	321
48	2811
321	2811
867	14
835	14
14	4217
2478	2534
2478	521
1166	1124
2478	3944
460	2478
2983	2478
2478	1124
2478	3800
3707	2176
2176	455
2176	2347
2176	3247
2176	3094
2176	521
2176	1399
2176	3333
2415	2176
2176	2811
2198	2809
2176	2781
530	2176
2176	3026
2811	2176
3325	3713
2811	2781
2062	2176
2198	414
3162	2176
277	2480
2076	2176
2781	3923
2103	2176
3638	2809
2809	1951
2345	2809
2809	2347
2809	3342
2809	613
2809	3130
2809	1464
2809	603
2809	3933
2809	2475
2809	3272
2809	376
2809	214
2809	920
2811	646
2809	2916
2809	2123
2811	2917
2809	710
2809	2345
2809	2051
2809	3390
2811	2270
2809	2731
2809	985
2809	3773
2809	2588
2809	1432
2809	2791
2809	1172
2809	23
2809	285
2511	2811
2809	4022
2811	2588
2809	214
2809	2419
2809	1399
2809	3405
277	2809
2445	2809
2809	14
2809	3791
2809	2099
2809	627
3772	2809
2809	867
2809	476
2809	3772
355	2809
3454	2809
2809	936
2809	3849
1448	2809
2809	2588
646	2270
627	2809
2960	2917
2605	2811
277	14
2605	2811
2811	2605
3800	2811
2809	2357
501	2811
3707	2809
3849	2809
2605	2809
2831	2811
2534	113
2809	2176
4019	2809
2265	2811
2809	455
2809	3959
3800	2811
2060	2605
3405	2809
1166	2809
3800	2809
2811	469
1364	2809
3800	2162
2478	2809
2952	2809
2357	2809
2809	3707
2811	2417
3800	2811
2809	1124
3944	2809
352	2809
2809	2983
1225	2809
2809	2265
2809	2534
460	2809
2809	2104
2809	3800
2265	2811
2811	3800
2534	2162
2809	815
3800	2811
2039	584
584	2315
1687	2546
1687	815
2666	3469
4126	1352
3773	1448
2506	1448
3454	1448
3405	1448
285	1448
920	3611
920	2104
920	2176
112	424
920	3707
1491	1598
2104	41
2104	2475
920	3272
285	2475
285	920
689	985
3454	2475
920	2483
1491	1916
1491	985
3405	920
689	2483
920	256
3823	3410
3141	770
1845	920
1845	376
1166	2475
2475	985
920	985
770	920
3454	920
3823	2475
689	920
1491	920
2475	1845
376	920
405	920
920	1845
689	2475
2475	920
2475	1491
2475	1252
920	689
920	3773
1873	3410
376	770
2508	2475
920	376
1491	2475
920	2475
3599	920
2475	18
770	3823
404	920
41	920
2218	985
985	3758
2218	18
770	18
1873	18
920	18
1873	3141
3454	689
776	3454
3410	3823
2419	3917
3371	3391
2357	2588
2357	1399
2357	3162
2357	2541
3563	1637
3563	1707
285	2168
1381	2168
2647	144
2150	2076
2150	1166
2150	2104
2478	2150
3959	639
427	2733
2952	612
2809	2952
2109	723
1630	4090
612	4090
2123	225
225	2123
3405	225
225	3272
1448	225
3773	225
225	2123
225	1448
3638	225
225	3405
3454	225
2104	2123
1464	225
3698	733
225	733
225	3698
1530	4042
1761	225
733	225
3698	225
2565	225
1530	733
4042	2322
439	225
997	733
1369	733
3454	2954
2746	4150
3390	865
1672	3390
3773	2799
2799	2123
1794	4189
2103	3791
2198	2419
2809	2419
2214	3791
3791	3933
2076	2419
3791	603
2419	1442
1018	3021
584	603
3026	2419
3207	90
3207	3661
90	877
90	3378
4093	2709
1630	1384
148	3198
1380	3574
284	2202
1884	689
3416	1884
1884	1491
1378	700
3390	650
1884	1321
3390	2223
1632	1321
1378	1865
1884	3416
1884	3758
2168	284
4109	1865
1865	1321
1884	942
1884	3758
700	3638
2609	284
924	2223
284	2223
920	1252
284	688
920	376
2223	3638
1884	1845
663	284
2379	1884
700	2883
1884	770
1865	3416
2883	1900
2223	1432
1321	284
1491	1845
1865	1884
3416	284
2202	1884
1884	1587
284	1900
2223	1884
4109	284
924	1884
1395	284
1587	1884
1340	920
1672	3390
924	1587
284	1884
1252	376
700	284
1865	1884
701	284
1584	284
284	1884
1884	1587
1491	376
1522	376
1980	1321
1845	920
3758	1884
1252	376
3977	1884
2883	284
284	1845
376	1845
1598	1884
1256	1884
3773	284
2731	1451
2731	1884
2322	1884
2731	284
1884	2322
3772	1884
924	3773
3390	284
3638	1884
1884	3405
1884	3611
688	1884
1884	3346
1884	1256
1884	2856
284	3773
732	1884
4116	1884
284	3346
1955	1598
2473	2316
1549	1700
3141	1549
710	2445
2445	3405
2445	352
2443	3405
2445	113
3390	2445
2357	2445
1448	2445
3800	1365
497	3800
1365	3800
2652	3773
1630	2944
1630	2891
2104	363
363	3563
363	2809
363	1004
363	2445
363	391
363	4212
2911	363
363	2357
2479	3579
546	3378
2123	3378
3378	2724
2588	3378
4022	3272
476	3378
2588	3272
2590	3272
2588	2123
476	3272
2724	3378
2588	1998
4022	2123
710	3378
274	2123
1146	3378
4022	3378
2871	3272
878	2966
476	2966
2590	2123
2588	2123
118	3378
3661	3378
4023	3378
3269	3378
2674	1850
3836	3378
2123	2590
4023	2123
878	2123
3378	877
2588	3272
3378	118
2966	2590
2590	3378
2123	2590
3378	476
3272	4023
878	3378
3269	2590
3378	214
2780	3272
2123	2966
2674	2058
2123	1318
3378	2123
3378	118
1096	3378
2966	2374
3274	2588
2966	2724
2123	4022
2588	2966
2590	3272
2715	3378
3272	878
3378	2871
2123	2966
3378	3272
3272	2724
3378	1451
710	3378
878	3272
3272	1451
3378	3269
3378	2715
3269	1660
2123	1660
2966	2780
3378	274
118	3378
3378	118
3378	1174
2123	3273
3378	2588
3378	3661
2123	3378
3378	3274
3378	3836
3378	2674
3274	2966
3378	3272
2966	3321
75	3378
3378	2899
2123	878
3269	3378
2966	3021
2780	3378
2966	3269
2588	2123
3378	1650
2966	546
3378	1768
3517	3269
3272	2590
3274	3378
928	3378
3378	2715
3378	1998
2966	2715
3272	2966
2966	710
3378	936
2966	878
3272	3378
3269	234
3269	476
3378	878
3378	2123
3378	2780
2314	3378
1998	2123
3274	2966
1146	2123
2715	3378
3244	3378
3378	3272
3933	3378
3378	546
2966	877
3274	1660
3378	603
1998	3378
3378	2123
2590	2123
2588	3272
3378	4023
3378	2314
2123	476
2123	2049
456	3207
3269	1850
3378	456
456	3106
2966	2709
2966	456
2715	3274
1650	118
3378	3078
2966	3378
3836	3274
456	2966
3244	2123
3378	3517
3517	2966
118	907
2966	2879
1650	1768
3378	3106
3517	3378
3272	2123
1096	118
3274	234
3274	1451
1085	2966
2123	3321
2123	3274
3378	368
3272	2588
3272	3269
2123	2588
3378	1146
2410	3269
2966	118
3272	3378
118	1650
2966	3378
118	3378
1839	118
3378	2674
2966	456
1790	2355
3756	2894
3773	3162
2357	2588
3773	2357
3162	3342
3162	2345
3162	2588
3162	2347
3162	2588
3162	920
2357	3773
3162	3773
2445	3162
3162	3390
3162	1399
355	3162
575	3162
3707	3162
296	3162
1969	2356
3329	3162
639	2356
2356	113
2983	3162
1004	2356
2356	3162
2356	639
3162	3853
3162	505
2809	2356
2356	3162
2356	2104
2356	2811
2478	3162
3162	3819
2265	3162
300	3162
2356	2176
3162	300
2356	1166
627	3162
300	2356
3162	1969
2356	2775
2356	521
2356	1225
3162	1124
3162	3950
2356	573
3162	2605
3162	2356
3162	2104
2176	3162
3162	573
1166	3162
2101	2356
3923	3162
391	3162
530	3162
2356	3162
3162	2356
2198	3162
2356	2153
2150	3162
3944	3162
3162	2541
2541	2356
113	3162
2356	2541
1225	3162
3933	4066
2524	4150
2345	3773
3773	2345
3773	2588
3773	2123
3773	710
3773	920
2123	3772
3773	3378
3611	3772
1166	3772
3773	1451
3772	3933
3772	1451
3772	3611
3772	1587
710	3773
3454	3772
2475	3773
1587	3772
3772	2123
3772	2509
3772	1884
2731	3405
4137	3773
2731	2509
2588	3773
2875	3773
3772	3211
3772	285
4022	3773
1432	3773
3772	1166
285	3772
3772	285
3772	3454
3772	1448
3638	2509
1448	2509
1464	3773
1448	3772
3405	2509
3454	3773
1286	3029
3501	2725
4218	4219
1123	3029
1123	2725
4220	4221
3024	1491
361	376
776	689
776	689
3434	256
3086	4222
2443	2656
3828	2739
1637	3564
2589	710
2588	2123
2879	106
2123	1448
877	2871
2879	2899
2104	3078
877	3378
1448	877
3272	2871
585	2347
2123	3611
2588	2123
352	877
2123	225
877	3272
3269	877
3272	675
2871	2123
877	2879
1166	675
2176	2347
2809	2871
2357	2588
2809	2588
2871	3272
3773	877
296	2347
2104	2871
2588	2123
3773	2123
2104	877
296	2588
2176	877
988	2871
3390	877
2104	675
3772	2123
1998	675
2104	2588
2214	2871
2809	877
2879	928
2478	2871
3405	877
2724	2871
2809	2347
352	2123
2104	2347
4212	2871
2809	710
2104	2123
4093	2123
2588	2123
2588	3272
2104	877
2104	710
1448	2123
3773	710
2550	2123
2347	2123
4022	2123
476	2123
113	2871
2176	2871
2871	3269
4023	2123
2588	1998
710	2123
2347	3791
2871	603
2104	2123
710	3272
3280	877
675	2123
2062	2347
675	3269
4023	710
2123	675
675	3272
2357	2347
2871	928
3272	2871
675	3378
2176	2588
710	877
710	877
3378	877
3378	877
1166	877
2588	2123
2347	3275
3207	877
2123	2588
710	3274
675	2701
2871	2123
675	928
3272	877
2871	1998
3275	877
2123	2871
3269	877
2347	2123
2879	792
75	710
2879	1695
2347	2374
3933	877
4023	1998
3272	2588
710	3378
877	476
877	3272
2347	877
3378	710
2347	710
1323	877
2104	877
3311	2347
2123	877
3272	710
877	2589
3272	2347
3269	2871
2104	675
2588	234
2871	877
2589	877
3378	675
3244	877
2871	2879
710	2879
2123	2347
2374	877
2123	877
2588	603
2123	2588
476	877
3274	877
877	2123
2347	3272
2347	1998
877	3269
3933	2123
4023	877
877	2347
877	2715
2715	877
476	710
1998	2871
877	2724
2104	2588
2123	2871
3244	877
2104	2871
877	2780
877	2589
2879	675
877	1998
3269	675
710	2724
2123	476
710	2347
2715	710
710	2347
710	877
1998	710
2871	3026
476	2879
710	75
675	603
675	2123
675	877
2347	2329
2347	623
2123	1850
710	476
2347	2345
2589	2347
675	2879
2966	710
2879	2123
234	2123
760	877
1146	675
932	2879
877	2345
2347	3026
877	2966
2347	2049
2347	2313
2123	3378
710	2879
2879	2871
675	3458
1998	877
710	2347
877	4023
710	1464
2879	3207
2123	1464
710	3508
2347	364
2589	710
3378	877
2966	877
2589	214
877	3207
675	3272
877	2709
710	2589
2347	2955
877	2590
3378	2879
710	2123
476	2871
710	675
877	3933
877	4023
710	234
675	2345
877	3274
710	2871
2347	3280
877	3661
2879	877
2347	710
4023	2347
788	877
3274	710
2588	3272
877	2123
4023	2374
2347	1308
2871	1146
877	2674
710	2715
2374	710
2123	2588
675	3280
877	603
2588	2104
877	3273
2347	2791
877	483
877	3021
2871	2879
2879	710
2135	2879
675	3026
3280	2347
2347	1229
2347	1803
2590	2879
877	2871
2879	3272
234	2588
2347	840
2709	877
3244	2123
2701	710
877	3244
2871	2584
2871	2123
877	2550
877	2374
3274	877
2123	3273
2550	877
2123	1660
2354	2879
2724	2871
877	416
2588	2123
2123	476
928	877
2584	2123
425	877
2347	3333
710	3933
2347	760
2871	1520
710	3378
2879	2674
2674	2879
4023	2724
2871	476
4023	425
2347	145
710	2780
2123	4023
710	476
3207	877
877	476
2879	2724
2715	710
710	3261
675	234
1835	877
2347	608
710	675
2374	2589
2715	877
675	652
877	3661
3272	2879
710	2123
2123	710
675	932
2347	2589
2871	936
2347	2718
710	2879
877	675
2347	671
2347	877
2871	2409
2123	1451
675	2374
877	2899
877	3836
3272	675
2129	877
4023	2329
2347	503
3272	2588
2347	3547
2879	675
234	2347
2871	2746
877	1305
2879	3021
2879	1174
2550	2589
3078	2589
2871	2724
2347	2336
214	2123
1464	2879
3933	2879
2871	214
2871	3508
2871	2347
3269	2588
2871	745
2871	3537
2589	877
2123	2058
2123	3272
877	699
2879	2345
1305	710
2374	2871
2347	3275
2871	392
2871	234
3272	710
1520	2871
2899	877
2347	3962
710	1483
2871	877
710	2966
2871	932
2584	675
710	2589
877	214
2588	2879
2123	3269
2589	710
2123	234
877	2347
2123	1998
2871	1581
3791	2871
476	2347
2588	2347
476	2588
2871	2551
2724	4023
2123	2347
2589	2419
2589	2347
3661	4023
4023	2879
3106	2123
2871	3272
1998	675
2724	710
2391	675
382	710
877	352
877	710
2123	382
877	3773
4023	1286
745	2871
2899	675
2123	2966
3378	2588
1305	2871
760	2871
3272	2123
2550	675
2871	2967
2871	790
2416	4023
710	2693
476	4023
214	710
2871	1695
3537	710
2347	2791
3791	4023
1581	877
710	3461
2347	2123
2596	675
2879	877
2879	2374
2347	4023
2589	2899
2123	3106
2123	2588
2724	675
2879	877
1695	675
2347	2409
2123	928
2159	675
2347	320
796	2871
2123	675
1299	675
2998	675
675	3508
2347	2960
476	710
2347	613
877	2848
1038	877
476	2899
2879	274
2589	2550
877	3021
2123	75
877	3261
877	2079
3122	675
877	2123
2123	3244
710	1998
877	2383
710	3843
2354	877
675	2718
877	3390
1299	2871
2584	2347
675	2851
2871	286
710	2879
710	3661
2013	877
2622	710
2589	675
675	2693
675	4064
877	2622
2123	3791
710	1464
2871	2419
877	1575
1146	877
903	4023
2871	3661
2871	551
1174	877
675	2588
2899	2589
4023	2998
877	745
4022	877
3517	2879
877	903
2347	4023
2347	476
4083	675
710	2079
675	1520
274	675
1174	2123
745	710
2879	710
3078	710
2871	4083
877	3378
476	4023
675	2347
877	1464
675	745
4064	4023
710	3269
4023	2848
675	4093
877	2364
877	2550
675	603
877	1038
4023	532
671	675
2123	3836
877	3078
2419	2589
791	710
3269	710
2347	2211
2589	3078
710	603
877	2589
675	2622
2879	476
1993	877
3261	877
3078	2347
877	2879
710	382
877	331
2079	877
710	675
2347	1803
675	3776
2871	2044
2871	2175
877	3086
2724	2347
3147	710
877	3106
877	106
877	2345
675	4023
1998	2123
2622	2347
877	1573
675	1998
675	476
2347	2550
3776	710
3078	4023
2724	877
903	877
3078	2899
2347	1323
2879	2701
877	2416
1835	675
676	2871
382	877
2879	2590
675	2129
1520	675
2879	234
877	2588
675	2848
1835	675
675	2409
4069	877
877	1660
2550	710
4023	2494
2879	932
3272	3843
2345	2347
2550	4023
476	675
675	3661
675	2324
710	1520
675	2879
2879	3244
15	877
877	584
4023	710
877	603
710	659
2871	760
877	2354
2701	877
2879	2329
877	382
2220	877
2589	214
877	1451
792	2589
675	3843
4023	2550
877	2413
675	2551
2879	75
2879	4174
710	3836
2879	603
4033	710
2347	1229
2266	2347
2879	3537
710	2398
877	3363
2879	2123
214	4023
675	1581
3207	2879
2879	3836
710	1299
443	710
1286	2871
1018	2879
3274	2123
2693	877
710	2550
675	790
3791	877
877	1318
675	905
2347	3531
675	2899
877	2715
2966	2879
2347	3661
234	877
2871	3550
792	877
4023	4051
1573	675
877	1146
675	445
2879	1038
2848	2347
3122	877
2347	3026
2419	2871
877	2584
2104	2588
675	760
1297	710
745	2347
2329	2871
2871	710
877	3836
4023	877
1998	877
3146	675
2871	4093
3522	877
2589	936
3122	2871
675	1146
3836	877
2589	3537
792	675
2879	1000
4023	2622
675	193
877	2398
3661	2871
745	675
675	2494
877	652
1695	4023
877	2364
2724	2879
675	1464
1770	2347
425	2871
4023	286
675	3122
2871	70
877	2329
603	877
877	3431
936	877
877	3274
4023	3363
877	3508
3269	877
3661	877
877	39
877	3522
877	1958
877	274
877	792
877	1286
2347	3280
3351	4023
2998	4023
877	3283
3615	675
877	3269
710	2347
675	1695
1299	4023
1304	675
675	903
2701	2871
936	2347
1795	877
903	710
2305	877
1399	2347
675	2409
2347	3019
675	2329
4064	675
877	3447
2871	3122
2123	2550
710	2851
1520	877
4071	877
2871	476
877	3273
4022	675
4023	2967
710	2374
710	2871
710	2715
3661	675
1286	675
2347	2551
2347	1323
675	2550
760	2589
4023	476
877	1466
3648	675
1520	4023
877	2430
710	3522
2590	710
877	1448
3241	675
3261	675
2347	1770
532	4023
3274	2879
675	792
928	675
675	274
4051	2871
877	3244
710	936
70	675
2123	792
710	788
675	2724
675	1389
214	675
4023	1581
3791	675
2123	877
4023	675
745	877
675	2999
877	3843
877	75
1581	4023
675	3078
2966	843
2966	2314
2966	3172
3280	2718
2966	2314
2966	1928
3517	4128
2966	1832
66	75
2966	2632
3865	3244
2910	3244
1542	3877
4223	21
21	4163
3707	1022
4075	462
710	3390
3390	2104
2123	3390
3272	3390
3390	920
118	3390
3390	3378
3390	710
3390	3611
3390	285
3390	3272
3390	2123
3390	1381
1556	3390
3390	125
3390	1381
1448	3390
3454	3390
3390	3405
521	3390
1329	3390
865	3390
285	3390
1166	3390
1587	3390
1381	3390
3272	118
867	431
2054	1378
985	2054
985	1448
2588	2054
1994	209
2265	48
300	3809
42	3704
815	2214
2709	1451
745	118
2347	597
4224	4225
1448	118
2329	785
2123	3773
2329	2109
3773	118
1448	920
118	1483
2588	2329
2153	2588
711	3661
710	1451
3390	118
4093	2966
2213	3061
4226	118
1598	1556
2809	1556
1556	454
3867	1556
256	3806
2103	1328
1328	2214
2656	1771
1878	1771
1542	1771
3985	2866
529	3903
529	799
529	799
3011	820
3959	2590
3959	710
3959	3791
3959	4022
3959	2588
3959	612
1994	3959
111	3959
3707	3959
1066	3959
3959	1166
3959	4212
391	3959
2357	3959
815	3959
3489	3959
526	3959
3959	815
2809	3959
1166	3959
4212	3959
3959	113
3959	2162
3959	521
3959	3944
3959	1004
3959	391
3959	1225
3959	785
1225	3959
3959	2983
113	3959
3959	526
3959	1364
3959	2809
3959	2357
3959	2028
1290	1004
3563	3959
3959	3248
2073	1004
3959	318
4212	497
4212	3959
3959	2104
3959	3579
3959	4019
521	3959
3063	1079
2176	455
3130	455
2176	2313
455	4022
530	455
1323	2123
2588	2313
2176	455
455	1146
2313	2347
455	603
2062	1324
2588	3292
3292	3791
3272	3292
455	2347
3292	877
296	455
3292	2123
2893	3342
3292	4022
3292	2590
3342	2552
2062	2724
455	3258
3094	3342
3342	2893
2062	3026
2176	585
2062	603
3342	3094
1626	3342
4022	3292
3258	2852
1323	2724
3247	3342
455	2227
3061	3396
2062	3292
2176	455
2062	585
2062	530
585	2347
3130	3247
3317	455
623	2313
490	3131
3927	455
3292	1399
3329	3342
455	3258
2062	455
623	455
2062	3061
3341	490
585	623
2852	455
585	455
585	3258
3130	2893
623	455
455	585
3292	2345
2313	3317
309	455
2062	861
3341	3131
2893	3342
455	3317
2062	3275
1324	3266
455	1495
455	1126
2062	2347
3130	3342
524	455
2969	3342
455	2313
1641	490
309	455
1255	3342
370	3342
455	1323
524	455
160	490
455	3292
2169	490
585	2313
455	2040
859	3342
3094	3247
358	490
455	2852
2347	1324
2347	1323
3061	2347
1884	2168
1177	3579
1930	3579
267	1225
267	2104
2515	267
267	352
267	2443
2446	267
267	1556
2446	1877
3177	3452
1741	1877
3177	3488
2929	476
3094	2724
597	2724
2076	597
2893	597
370	1603
3094	597
3094	3342
597	3247
3342	3094
3094	2893
597	3135
597	3094
597	644
597	1949
597	2110
3094	2450
3094	3718
3872	370
490	597
3130	3094
2969	3315
1255	3131
3342	855
1114	3094
2969	1129
3340	3094
2974	855
3165	855
3341	2969
370	2972
310	370
2969	1164
448	2213
370	3341
370	1275
358	2242
2255	597
3169	2969
3983	3247
859	597
3092	1878
2656	2601
2446	2882
3985	2601
986	1741
986	3877
2157	3888
4227	1107
2478	435
313	507
2551	2724
4051	2266
285	2475
924	1884
1587	2191
1586	2191
1587	2230
1587	1597
1587	2191
1884	112
1884	786
924	2322
1865	688
924	506
1884	942
1884	1321
1884	770
1884	4137
1865	1321
1330	1884
1729	1884
920	1884
2856	1884
942	1884
2916	495
1994	2377
2443	2377
2377	2443
1776	2377
1674	2377
2443	2377
3411	2377
1788	2377
3091	928
727	18
942	1916
942	1598
3345	2984
1279	3923
1177	3713
3713	1279
3713	1926
1930	3713
3713	1930
1279	1930
1986	1279
1279	3713
1031	1279
526	2198
526	2162
4019	2809
4019	113
526	1364
1994	209
2083	2198
521	246
764	526
1994	3735
3853	300
689	1491
1845	920
689	376
603	3162
3756	2357
3853	3162
1747	988
1092	4228
3311	1931
3311	768
274	1631
3564	2204
1273	3564
3564	1677
1881	3564
3564	126
3564	3593
3564	3979
2204	3564
3564	1273
3564	2204
3564	3166
2741	3828
3564	2744
3564	1361
126	3564
3564	3943
3564	3888
3564	1273
355	1788
285	2104
1002	2104
2123	2104
2475	2104
2104	2347
2104	2588
2104	2511
2104	2475
2104	3272
2103	3275
2104	2590
2104	476
2104	234
2104	920
2104	3130
2103	2724
2103	503
2104	3791
2104	2588
2104	710
2104	3772
2104	928
3454	3611
476	2104
2104	985
2103	3661
2104	2123
2104	3390
2104	3274
2588	2104
2104	2588
2104	256
2104	1464
2104	18
2104	2123
2103	3962
2103	145
2104	4022
2104	3141
2103	503
2443	2104
2104	3269
2104	3405
3545	2104
1448	2104
2104	2584
2104	23
2104	2588
2104	2550
2104	376
2103	392
2103	3026
2104	3378
2104	214
2104	1237
3408	2588
2104	2123
2104	2879
1875	2104
2104	3162
3454	2104
2104	1491
526	2104
2104	3272
3454	2104
2104	2347
2104	2198
3707	2104
1556	2104
2150	2103
2104	2076
1747	2104
2356	2104
2104	274
2104	1273
113	2104
1166	2104
3944	2103
2104	355
2103	3395
1415	2104
2198	2101
2103	2781
1124	2101
2104	2478
2265	2104
2104	3959
2104	1248
2104	710
1004	2104
2104	285
2104	4019
1273	589
391	2104
2104	391
1017	2104
2445	2104
2104	3162
2104	1364
1225	2104
3563	2104
1884	2104
2104	2356
4212	2101
1248	2101
417	2214
988	2101
359	2104
1448	2104
2104	2590
2104	3773
2104	476
3162	2101
2356	2101
2104	2871
1630	2944
2104	2739
3950	2103
2104	1998
391	2101
3182	2101
2104	1630
318	2104
2478	2104
2101	988
2944	1630
2104	2347
2104	815
2104	352
3714	2103
612	1630
2104	2265
2104	2588
2739	2104
1630	612
1176	1004
2104	1556
2104	296
2104	1380
2104	2357
2103	2588
2104	3579
2104	1166
612	2104
1108	2103
4212	2104
2104	3563
2104	2419
417	2101
1017	2101
2104	476
2104	1017
2101	2356
3800	2104
318	2104
2101	1248
2104	1630
1994	2104
2104	4022
2101	1017
1166	2101
2952	2103
521	2104
3564	5
2104	113
521	1791
521	3791
521	2588
3707	521
2198	521
1279	521
521	3564
4019	521
3972	521
528	521
2983	521
2176	521
3162	521
3959	521
521	2176
2739	521
3800	521
815	521
1017	521
1273	521
2478	509
3489	521
2028	148
2054	2739
603	4229
4031	3209
3444	3405
2746	1539
70	2683
3537	1814
3442	416
1375	476
4036	3537
912	710
2588	2536
4064	476
3531	3280
3961	3280
3537	2258
2176	688
3041	2322
1615	3335
3422	3335
3405	1352
2531	2059
1440	1321
2059	352
3639	1352
4109	3335
3335	352
4109	3335
2531	732
4109	2059
2533	4116
663	3335
3902	352
663	1352
1352	2531
745	3933
1018	1371
584	1371
1318	3053
1371	584
584	1018
710	2445
710	2054
4199	2153
1448	528
3856	2153
2165	986
118	710
267	3405
2153	3280
2153	3700
113	2153
2588	2153
2153	4199
597	2865
967	285
2153	355
113	2357
2955	2588
2955	1146
3369	2955
1803	2551
1448	376
1448	1845
352	1448
1448	352
1448	3772
1448	2588
1448	710
4022	1448
1448	1432
118	1448
2588	1448
2590	1448
1448	3933
476	1448
3272	1448
1448	2588
1448	118
1448	2104
118	1448
1448	3791
2123	1448
3791	1448
3272	1448
1448	985
118	1448
3786	1448
1448	2123
3933	1448
1448	4022
2104	1448
2176	1448
4212	1448
1448	2475
1448	476
3611	1448
1448	2590
1448	2322
2214	1448
2809	1448
521	1448
2357	1448
1448	2588
28	1448
1166	1448
113	1448
1448	3272
3707	1448
1448	786
1448	920
1448	689
1448	3611
1448	225
1448	2809
985	1448
2588	1448
1448	1630
2322	1448
118	1448
1448	285
1448	113
506	1448
1448	3933
1448	118
2123	118
1448	612
1448	3611
1448	28
1448	689
1448	296
1448	2123
1448	2322
1448	3162
1448	2104
797	710
942	1381
2475	920
1448	2103
1448	3405
1448	3390
1448	2357
1448	3707
1448	3272
2104	1448
3933	1448
2223	985
3390	650
2223	1381
2223	3454
2223	1432
3444	2223
2223	3611
518	2223
894	2223
650	2223
3454	650
2725	212
3164	3541
2534	2831
571	469
250	880
1615	688
663	688
4199	688
1330	688
2709	3638
2123	3638
3272	3638
3933	3638
3638	2709
3638	2588
1166	3638
3959	3638
3378	3638
3611	3638
506	3638
118	710
3638	285
3638	2322
3638	3162
2123	3638
3638	3272
3638	3611
3638	2123
3638	506
3638	3933
3638	3454
118	797
710	118
2123	3329
4191	3405
118	710
285	3405
2731	3405
2588	3405
3405	3791
3405	3162
3405	2104
3405	2588
3041	3272
225	3405
2123	3405
3405	1451
2809	3405
2531	2123
3611	3405
2322	3405
2983	3405
3405	2588
3405	3611
1166	3405
3405	506
3405	285
352	1900
3405	2123
3743	1900
2609	285
1900	352
3405	1432
3405	650
2531	285
3405	688
3454	3405
1900	352
1385	2531
3335	4109
1900	2531
920	3405
688	285
2531	1321
1900	1845
732	1615
3405	125
4109	3041
3405	225
732	352
3405	3611
4116	2531
732	2531
2531	1900
3405	2809
3454	3405
3405	1166
3405	113
3416	2531
3444	3405
3229	352
2527	4116
1900	4109
352	2072
3405	4109
3405	2322
4046	3041
1618	1900
1900	3611
1900	1408
4197	2531
1352	2163
1987	688
1619	732
1330	688
2123	1321
3791	1321
1321	2445
3272	1321
1321	225
2123	3405
4109	3272
733	1321
2123	1321
225	1321
1321	985
2809	1321
3611	1321
113	1321
113	1321
3162	4109
2322	1321
3743	3335
1166	663
113	352
1321	2123
352	1329
663	1884
1321	506
2345	3933
1330	3902
3405	3335
352	3416
1321	3611
3743	2533
688	3415
4109	285
3422	1321
3335	352
3743	1321
1352	352
1321	2322
4203	2531
352	3416
4109	352
3410	4199
3041	1385
3415	285
2588	1321
1321	1432
1321	113
3405	3415
1321	732
3902	194
3405	2123
1378	1321
1321	225
2856	1321
4199	3416
924	3416
1321	2809
3405	113
924	1321
1321	733
2202	786
1980	1321
352	113
352	1432
3405	118
1432	352
1321	2109
3405	353
285	1321
3335	732
3416	732
1352	732
4199	3335
2531	732
2531	3416
1321	732
732	3335
1900	732
1321	732
732	3416
3416	4199
3454	732
3415	4199
2883	732
1381	732
1587	2191
460	521
2809	1380
2665	2809
926	928
1630	612
1629	612
612	1629
612	1629
1227	1630
1002	612
1010	1630
1630	1002
1884	1166
2202	1166
1004	3026
1166	3369
1166	1399
1166	1998
3714	1166
1177	1004
1380	1986
32	2028
1986	1004
2478	603
1177	2028
1177	1380
1177	2478
1930	1364
1177	1364
1166	2952
1986	1364
1986	1166
612	1166
1986	2478
1004	1167
32	1004
32	1166
2674	3308
2345	2791
3791	2791
2791	710
530	2791
2791	2123
2419	2791
2588	2791
2791	2345
710	2791
2791	2062
4022	2791
2791	4022
2415	2791
2791	3272
3130	2791
530	2791
3329	2791
3342	2791
2791	603
2791	2724
2347	2791
2724	2791
2791	503
4075	2791
3458	2791
603	2791
3311	2791
2791	623
3026	2791
3026	2791
2791	2243
1399	2791
2791	3275
603	2791
2791	3702
2791	2345
2791	2724
455	2791
2791	3342
2791	2062
2791	3292
2791	3924
2791	3288
1399	2791
2791	455
1323	2791
2791	603
1485	497
1485	113
3223	2811
2811	2270
2811	277
2811	867
4183	4212
4183	3959
4183	1166
3162	3515
1166	4183
2261	2364
2176	3326
2176	3713
2445	2983
2983	113
2983	494
2983	1364
2983	1004
2983	528
2983	1166
2983	2809
2739	3570
3272	214
3405	214
214	3390
2588	3327
2588	3707
2123	3611
3272	2374
3773	3378
2809	214
3773	214
113	936
3773	936
113	3378
2357	2588
1166	2588
2123	214
2123	2879
3772	2374
2176	214
2809	2374
2104	476
2809	3078
3390	214
1166	936
2176	2588
521	2588
113	2588
3579	214
113	2374
2809	3378
113	2966
2478	214
2809	936
214	2345
352	936
2809	2588
2104	936
3772	2123
1166	214
3162	214
1004	214
2104	2588
2809	3244
3390	3378
2104	214
296	2588
988	2588
3078	3378
2123	2588
2731	1451
476	3378
214	3378
3272	2588
1146	3244
113	2374
113	214
2588	3272
2588	2123
2588	3378
113	936
3661	2123
3661	3244
113	214
2104	2374
2123	603
4212	2588
2809	1520
2104	214
4022	3378
2899	3244
745	1998
2506	1451
745	3272
2724	3244
2588	3274
2588	2879
2588	3269
476	3272
2589	2724
710	3378
675	3244
214	3378
2588	3272
214	1998
214	3269
2588	2123
2588	928
214	3207
2588	3026
214	3272
2588	2718
2374	2123
2588	1998
936	3378
936	3272
936	2879
1695	3378
214	2715
745	3244
936	1998
936	3269
1520	2123
936	2123
2879	2588
2588	3333
1998	936
936	3274
1998	214
3275	214
1520	3244
2879	936
928	2588
3378	936
936	2715
2123	2374
3378	214
3272	214
3405	2123
2589	1464
214	2966
3933	2374
3244	214
2588	2715
3272	2374
3272	2588
214	3274
113	936
2076	2588
3269	2374
214	2123
1998	2588
3207	2374
2550	3378
2588	603
3269	214
214	3272
3378	2374
2588	3272
214	710
1695	2123
113	2123
1017	2588
476	2123
2966	2374
2588	234
936	2345
2791	214
3274	214
936	2966
214	3547
2588	2409
2715	2374
2879	2374
3207	214
214	3272
2588	2551
2809	214
476	214
2589	877
2364	3378
2374	3269
2374	2966
2588	2123
2374	2123
3244	877
214	3026
3272	936
2822	2374
2374	3272
3078	234
2104	214
2589	2347
2879	214
1998	2374
2123	214
2345	3244
2347	936
2374	2589
214	3292
2374	1998
2879	3378
2345	214
214	2123
2966	2588
214	1998
2374	214
214	877
214	364
2374	2347
2374	3274
214	928
2374	274
1998	214
2589	3508
3517	2123
214	3458
2374	603
2374	2879
2374	3661
2374	3078
214	603
2374	234
214	3261
2588	2345
2374	1464
2123	877
2715	214
3378	2588
2374	2724
234	3244
2374	3122
3292	2123
3517	2374
214	3280
214	3702
455	214
2123	936
2715	3378
118	3378
3244	2374
1464	936
2589	2374
745	928
1695	3244
3244	2588
3244	214
3269	3378
214	2693
3292	2374
3791	214
2374	3378
2590	214
2589	2329
3269	214
3244	3517
2588	1998
3244	3272
3272	214
936	2413
2374	4093
214	3275
3244	3207
936	3661
710	2589
936	1146
2589	2175
214	2374
1695	214
214	90
3244	3836
214	3288
2589	2584
2374	3261
3378	3269
234	2588
214	2413
936	2329
214	2589
3269	936
936	2724
1018	2374
4093	214
3244	2123
3378	214
214	2588
214	274
3244	3378
214	2049
3244	3274
214	3843
3269	2588
476	792
3378	3207
3378	2879
214	476
2589	2724
214	2999
877	2374
3378	3274
3378	2374
3244	2674
2364	214
3378	2715
239	214
878	214
3378	456
214	1323
2374	2129
476	671
2374	476
2123	2588
3508	214
214	2724
3078	214
936	2215
214	75
2374	1985
2590	4022
214	1466
214	1286
2589	936
2374	745
3378	1998
476	1998
936	2419
214	1229
476	936
2374	4069
3378	2123
675	2589
2374	709
214	4023
214	3333
214	1451
476	745
214	3431
214	2715
214	2409
3378	476
2123	214
2589	2347
2374	214
760	214
1464	214
2123	476
2588	3244
2347	2589
214	928
214	2899
2589	3537
214	3078
2123	1451
2374	1146
2374	4022
1323	2123
3244	3106
709	2374
3378	710
936	2590
214	3244
4023	214
2589	745
2588	3378
2724	2374
214	3269
214	2123
2374	1286
214	234
1835	936
2589	214
792	214
214	2590
2588	476
877	214
214	2718
4093	936
1299	2589
214	3280
274	214
214	2701
2588	3272
2693	214
214	1399
2123	2374
3661	214
214	3026
2374	2584
2879	3244
3843	214
671	2588
2129	2589
2374	2588
1998	3378
3122	936
214	2079
4051	214
709	214
2589	675
2123	4023
2374	3086
877	3178
3508	214
932	936
3378	214
2589	932
936	90
2724	214
2588	2724
214	936
214	709
878	214
2123	928
2374	936
2588	671
745	2589
905	214
476	214
936	1560
3244	928
476	2588
1695	214
2374	903
3244	710
2123	3207
214	2879
3078	1520
1332	214
2374	3244
2588	3661
2588	3078
214	382
82	214
214	331
2324	214
3378	928
3244	4023
2724	745
3244	3261
1101	2374
1146	214
2589	4051
2374	4023
2374	2589
2123	3378
214	1146
3146	936
3661	214
2584	214
476	1146
2347	214
214	3773
3537	936
3244	214
2589	1464
2123	3272
214	3537
3244	3537
2550	936
4022	2588
2374	2871
745	936
2494	214
3244	274
675	2589
2364	214
214	1038
936	4064
745	214
2329	214
1466	214
2899	2588
214	1581
2871	214
2724	936
1695	936
1581	214
3244	1284
2588	2374
2329	214
532	214
3244	2693
3244	3078
3351	214
3122	476
792	2589
2589	2899
745	3537
2589	1146
2588	4023
3244	2345
214	2589
3244	2724
1069	936
1835	214
3244	3533
214	603
234	214
3244	2123
1464	2589
1103	2374
2589	3661
2588	2123
1089	214
3244	936
476	2724
1998	3269
1146	936
1520	2589
3244	1695
519	214
476	2374
2123	3269
2871	2374
2596	214
4023	2589
3244	476
3244	3791
2701	936
793	214
214	675
2790	214
3508	936
710	214
3244	2871
671	214
936	710
214	1464
710	745
1998	2123
2550	214
214	476
2374	2590
2129	936
2899	214
681	214
392	2588
3261	214
2364	2374
4023	2374
936	214
2589	2550
214	2584
710	2550
4083	214
672	214
2175	2374
214	445
214	228
903	214
3615	2588
3920	214
3244	1464
3078	1146
3078	214
430	2374
476	1695
877	745
3522	214
3244	630
1581	2589
877	2589
214	2347
3244	3836
2590	2374
214	2871
2589	710
2589	214
71	214
934	214
214	2588
193	214
214	792
214	4051
3244	3086
214	3244
2715	2374
214	2266
3244	234
2374	2715
214	2374
1282	2374
2724	3078
3363	2588
3461	2374
214	2724
1464	3244
2104	2588
214	1695
2374	3378
2374	3147
214	681
790	214
1197	214
877	2588
214	3261
3146	214
3146	2588
2589	532
214	2848
2374	1998
2588	551
3122	2588
3244	3378
2701	214
3244	1292
214	3122
675	2588
2123	936
2419	2589
979	214
936	1998
710	2589
2175	214
2588	3333
382	214
4094	2374
2724	2588
745	476
1089	936
676	214
2967	2589
1257	214
2374	2724
2588	2967
3378	3272
936	760
3661	936
745	1011
256	355
745	1011
1951	521
1994	209
1598	3141
2347	455
976	3416
4016	4203
3416	3335
3390	1381
3390	285
1600	285
690	3638
285	3390
865	3390
285	558
1865	3390
1865	558
2022	3505
3155	2811
11	2101
827	2312
2103	1485
3707	2809
2083	1994
3714	2108
3714	2214
3707	2106
507	3714
2103	3714
87	113
2103	1177
2103	2150
2781	2106
2106	2198
1930	2103
2076	390
318	3563
2781	2214
3707	391
87	360
1986	2357
3714	1225
507	2076
528	2103
2176	2357
3944	2083
3707	469
1280	2357
318	87
1986	3944
2214	1225
391	2781
2356	2103
507	1279
2103	1747
391	3162
2176	1017
2176	2103
528	1225
2162	2076
2541	2811
1225	2076
2809	1017
1177	391
1184	2076
2592	1108
2076	1017
2214	1747
2103	2262
2060	1108
507	2541
2811	3162
1532	2103
2983	507
113	2103
2103	296
1225	2106
390	296
2357	1875
1248	3944
113	2214
2103	300
391	3959
3800	2811
815	2214
1930	318
639	2103
318	2103
2109	1017
2605	2811
3395	2605
2103	360
2357	2150
390	2265
2775	2541
3944	2809
2103	113
2103	2695
1248	507
87	391
3944	2541
2103	2076
1017	3959
3714	318
507	2605
521	1225
2605	318
391	1415
2162	528
318	3959
2106	2076
978	2106
390	3563
3714	2809
391	3944
391	1004
2894	2103
2214	3959
360	2106
2357	2478
113	1225
2357	2781
1225	2103
639	2357
391	3563
1248	2106
3714	2357
2103	3944
113	2106
2103	2809
1017	2103
3707	2109
391	4212
1994	318
3707	2103
1279	390
2176	2076
318	815
113	2108
1248	2103
2541	3853
1986	360
296	2809
2357	2775
2106	296
3800	2162
2811	3800
2103	3959
1017	1747
507	2176
2811	391
2103	1017
390	113
2103	2198
2162	3800
2103	4212
390	2103
360	2083
2103	2781
2357	2103
3944	300
785	391
2357	639
1279	318
2109	2983
360	2103
1108	1248
507	1237
3311	3820
1931	3820
612	4212
4212	3130
4212	3275
4212	2724
1986	4212
1177	4212
4212	1108
4212	612
1279	4212
1485	4212
575	2588
3959	575
627	575
2443	575
2809	575
390	575
521	575
2176	575
1166	575
1598	575
1556	575
23	575
113	575
575	2475
1951	575
2104	575
575	2104
1321	575
21	575
575	3141
1916	575
355	575
1777	575
575	627
111	575
2743	575
2743	575
2743	1556
3707	2588
1448	3707
3707	1166
2809	3707
352	3707
2104	3707
3707	2176
3707	2809
3707	2104
3707	526
3707	3162
3707	2357
3707	4019
985	3130
985	3378
985	476
985	2123
985	2588
985	3272
3130	985
985	710
985	2322
3611	985
985	225
985	3611
985	1464
985	506
985	2162
985	521
985	1248
225	985
3611	285
2223	985
986	3454
1448	985
985	1166
985	1004
985	1630
985	988
985	2103
3611	985
985	2104
985	2176
506	985
985	2809
985	3162
1587	985
985	1364
1884	985
985	424
985	2214
612	985
1630	985
985	113
985	296
2322	985
985	3545
985	4212
985	2357
986	3405
985	2478
1951	985
125	985
28	985
985	2104
985	2443
4019	985
506	985
2592	985
2357	985
985	3959
285	3611
942	985
3773	985
2952	985
988	985
1248	985
209	2590
2202	985
2739	985
2214	985
3454	985
815	985
2748	867
2605	985
1556	985
2103	985
888	985
2478	985
2176	985
521	985
424	985
2809	985
1004	985
460	985
1166	985
528	985
2076	985
4212	985
1062	985
1225	985
113	985
2739	986
296	985
2511	985
3959	985
2104	985
985	2223
986	1321
3849	985
2443	985
3162	985
285	985
2856	985
3563	985
1630	986
2104	985
2475	985
627	985
1364	985
3944	985
2983	985
2731	985
2588	985
376	985
1448	986
2357	2588
3390	985
985	1448
1700	985
111	985
3772	985
86	985
3405	985
4022	985
3638	985
2223	985
2875	4137
2590	985
352	985
924	985
209	985
689	985
612	985
1321	985
1491	985
786	985
506	3454
920	985
1916	985
1448	985
2475	985
1630	985
1432	985
1777	985
2131	985
985	355
985	575
986	1448
1556	985
985	689
1884	985
985	1916
3454	985
1384	2151
985	881
575	985
1587	985
1279	3959
2263	4019
1279	4019
1279	1731
764	1731
15	877
2357	2156
988	2123
2239	27
1630	27
27	1630
2099	2590
612	27
23	27
985	27
1951	27
2916	27
27	3707
1192	27
1384	27
3956	27
4022	27
3791	27
3405	27
2054	1321
277	867
27	2475
1062	27
1321	27
352	27
963	27
1448	27
2511	27
710	18
18	2322
18	2123
3611	18
18	710
18	3611
2322	18
18	3791
18	2588
18	4022
3773	18
18	2104
1448	18
2223	18
1587	18
3611	18
1884	18
285	18
2322	18
3454	18
797	1011
506	18
688	18
285	18
2883	18
2104	18
2202	18
41	18
2223	18
3390	18
1729	18
689	18
1549	18
727	1381
786	18
111	18
1491	18
920	18
2475	18
376	18
575	18
3405	18
18	1916
18	3141
1587	18
18	1845
2076	613
1004	3508
2478	1399
1004	3019
3714	1004
1986	2478
785	1986
1177	785
1930	1004
1986	391
1177	2665
3959	296
1004	3162
3735	2478
497	2781
1364	2478
1004	3959
1177	1364
2176	3959
1279	1364
1004	2478
3248	1364
1004	296
391	3579
867	803
3579	3348
424	1004
1986	1364
2104	391
2478	978
1004	1364
391	1004
1380	3959
3579	391
1364	3959
1004	3563
2028	785
785	1364
785	296
2104	1364
1225	1004
3579	2104
1004	3959
1004	2162
1364	1004
2478	2109
2478	2781
3579	296
285	1004
1004	1273
1364	2357
1364	2809
1364	4212
3579	1364
391	2104
1004	528
2104	1004
1004	815
785	391
2104	785
1004	4212
1364	3563
2123	3638
3791	3638
3378	3638
2588	3638
1464	3638
285	2104
285	113
710	3638
2123	3638
3272	3638
3933	3638
118	3638
3272	3638
2809	3638
3638	2123
3638	2588
3638	3791
3638	3272
3638	710
3638	3454
3638	1464
3638	285
3638	506
3638	1448
3638	3272
3638	3933
3638	3378
3638	2123
2123	3638
4019	603
2176	3026
1299	710
2490	888
3611	1321
2809	1321
2475	2357
3517	4128
1448	2329
2329	2809
118	3405
2329	118
2329	1451
2731	1321
985	2809
1448	2731
2123	2329
2329	3773
2329	3390
3611	3454
2674	3517
1520	2109
2674	3773
1520	2809
2329	2809
2588	2123
214	2674
2674	2329
2374	2123
3773	1321
214	2123
2123	1451
3261	2329
2590	2674
4093	2329
2590	2329
2329	2809
2724	2123
2123	2329
2123	1520
2590	2329
2674	2329
2731	1321
2123	2329
3707	785
2674	1520
2674	2329
3638	118
2329	985
1998	2329
2123	2329
2123	2590
118	1448
710	2674
2966	2329
2123	1520
2590	2123
318	2809
1520	2123
2899	2329
3390	1321
2364	2123
2845	1321
710	2329
2123	1520
476	2329
2709	2329
1146	2590
1520	2674
745	2123
3378	2329
920	1321
3461	2329
2674	3978
4022	2123
2879	2329
877	2590
2590	2329
3454	1321
2709	2329
2347	2709
797	2123
3661	2329
75	2329
2347	2329
2590	2329
2588	2329
3390	118
2966	2632
2123	2590
2123	2329
2123	2329
3272	2329
38	2329
3269	2329
2347	1520
2899	2329
3207	2329
2879	2329
2674	1160
1103	2329
3378	368
2674	1520
1998	2329
2590	1520
3615	2329
3405	1321
3378	1160
2590	1520
2223	1321
928	2329
546	2329
928	2674
932	2329
3207	2329
2809	2739
3269	1520
3836	2329
3207	3879
2966	1520
1292	2329
456	2329
3269	2329
476	1520
2123	1520
2966	1160
1464	2329
3244	2674
584	2329
928	1520
2674	1520
3378	554
3638	2731
3378	2941
416	2329
2357	2809
2674	2590
2966	3172
3378	1520
2123	2329
3106	2329
2590	2329
2709	1520
710	3378
2374	2329
2879	1520
2966	1832
3378	2674
3791	2329
3517	2329
2674	2590
456	2329
2674	2329
2478	1166
2871	2123
2123	1160
3405	2329
3517	1520
125	1321
2879	2674
2709	1520
2418	2329
2724	2329
2966	1520
2674	2329
2879	1520
3207	1087
2966	3172
2731	3405
3378	1013
2215	1520
2364	2329
3280	2329
38	2955
928	2329
2966	2595
1381	1321
1998	3533
2376	1103
3747	2123
3707	3959
3517	2846
1210	4069
2879	2329
3517	4128
2989	2967
3778	3053
1364	785
3517	4128
2674	2410
745	2329
1520	2329
3207	1087
2966	1832
3207	3101
3207	843
2674	2590
2709	2590
2674	3978
3207	3101
1533	2709
2731	1520
2674	2329
1174	2709
2123	2501
2501	2123
3773	2501
2322	2501
1415	2588
1415	2347
1415	2104
1415	3162
1415	2357
1415	285
1415	1448
1415	1166
1415	2176
1415	2506
1415	528
1415	3773
1415	4212
1415	3405
1415	3390
1415	4019
1415	2731
1415	2983
1415	2104
2809	1415
3454	1415
1415	1364
815	1415
1415	391
1415	296
1273	1415
1415	2445
1415	2176
285	1415
1415	2076
2739	1415
1415	352
1184	1415
3188	1415
1448	1415
2752	1415
391	1415
1561	1829
2104	1415
521	1415
3663	355
2419	1913
2746	1539
3791	1018
2446	723
13	3141
113	424
11	2104
424	113
988	2108
1004	2214
359	2214
2214	11
113	3505
2214	1248
1004	424
1017	2104
2809	3505
2592	11
1604	424
3505	1017
1011	1248
359	424
2214	1093
1011	359
113	971
2214	1017
424	1017
2809	1093
3505	1248
2214	359
988	3505
1604	2101
1017	2101
2478	507
507	1166
507	2809
1875	985
1729	985
1788	985
985	1415
2681	985
985	1788
4152	985
985	526
1598	985
985	3141
1598	985
1807	1062
985	111
3233	985
985	1777
985	13
985	1558
250	985
985	256
985	770
1916	985
985	2483
2483	985
2446	985
985	1491
3624	985
985	1700
27	985
1729	985
3141	1558
1598	3141
985	1598
881	1598
985	3141
3141	1598
1598	575
881	575
881	13
3141	575
881	1955
881	2316
1598	881
3141	1598
1625	3141
1625	881
3141	111
3141	13
1598	3141
1598	1625
3223	2811
3223	2811
2347	214
710	3026
928	2123
710	2724
3078	928
2724	2701
2879	3078
928	1286
1998	3661
2347	2871
2724	1286
4022	1998
2589	2724
928	3269
1998	2175
443	2724
3615	3508
928	4023
928	3308
4051	3815
603	3078
2724	760
745	3269
3661	2871
3661	1286
928	2879
3508	2374
2724	2998
3843	928
1998	4022
1573	2724
2175	2724
2967	3661
928	1998
2724	2967
3661	2877
214	3244
2724	2129
3815	214
1103	928
2871	603
4051	760
3661	928
3244	928
2724	1554
3261	2715
3508	2879
2584	2871
3661	745
603	710
4022	234
3508	710
2693	2724
3508	532
1387	928
1998	788
2715	3261
2879	760
1382	1385
2072	1190
728	4116
11	1248
1998	3830
3270	1007
796	671
2765	2584
3860	616
1587	2316
1587	1598
924	2322
1587	3611
1587	352
2316	279
1587	113
1587	1597
1598	1587
924	3773
1587	3390
924	2731
924	3390
1587	2731
1587	1448
1587	3405
924	3611
1587	2191
3700	2809
3707	3700
3707	1004
1930	391
390	3703
143	3175
32	4212
143	497
1485	1004
1485	2665
1365	3800
3800	1365
1177	390
1184	2665
1740	1004
32	2665
920	1845
920	1491
3082	920
3024	920
2475	376
920	2475
2475	920
376	920
1845	3024
376	2475
1845	2475
2475	1252
41	376
2828	920
41	920
2475	41
920	2475
2893	2347
490	2724
490	2347
3342	2213
3130	2213
2893	3341
3340	3130
358	3342
3130	2893
1626	3341
3130	3340
614	370
358	3130
2969	3130
2552	3130
3342	358
1507	3341
3341	1626
529	3342
2169	3130
160	3130
3094	3341
3341	598
3247	3130
3341	2969
2552	3342
2969	3341
490	3341
3341	160
3311	3342
859	2969
3128	2974
490	2893
3341	2558
3341	2169
3341	3247
3341	2893
3341	2969
3247	3341
3341	3094
1129	530
3341	2782
1129	3130
3094	1114
1129	3341
370	3341
1385	352
1353	352
2475	256
256	575
256	111
786	256
2316	256
920	256
256	942
1491	256
256	3141
256	2483
2347	2336
1615	1352
1615	3335
3405	476
352	3791
352	710
352	584
2588	732
1998	352
352	3378
2123	663
352	2445
3416	225
2214	352
521	3416
3162	732
988	352
3707	1321
521	352
1352	3611
3707	3405
2809	4116
3747	352
3416	574
3743	1321
2531	3335
3639	3902
732	2123
3639	3416
3743	3416
2533	352
3416	352
688	2588
352	688
3335	352
3416	732
1609	352
1190	352
1352	352
4046	352
3639	1900
4127	3416
3335	3416
352	3416
3743	663
3416	3335
3335	352
3783	1321
3611	1451
2731	1451
3773	1451
3772	1451
2123	1451
2879	1451
3772	1451
2588	1451
3274	1660
3207	1451
2123	2058
2966	1660
2674	1660
3269	1660
2123	1660
2112	1451
2674	1451
3272	1451
3378	1451
2966	1451
1451	1660
1660	1451
3274	1451
1451	1850
1451	2058
1850	1451
1330	3422
4212	2101
4212	469
4212	815
4107	2478
2101	4212
2176	613
2076	3094
1729	967
225	1448
1448	225
2731	1448
1448	1432
1448	688
1448	3390
1448	285
1448	2731
1448	1381
3390	1448
1448	3229
3772	1448
1448	3772
2265	2534
3800	2534
2534	2811
3800	3105
2060	469
469	2162
1017	2809
2665	2162
3058	2811
2064	2162
2534	2162
2809	1166
508	2811
3799	2809
2831	2162
4183	2809
460	2162
634	2811
2919	2162
3105	2162
823	2809
2809	414
2060	2265
2592	2809
501	2162
2855	2811
2265	3572
409	2162
2060	2534
521	2162
318	2811
2122	2162
232	2811
2357	2162
2811	3799
2265	2162
3545	3416
3545	2446
2446	2531
2347	2999
2176	3275
2176	2791
2176	710
2176	3333
2176	613
2176	2347
2176	3405
2176	1323
2176	530
2176	455
2176	2588
2176	3773
2176	2062
2176	2345
209	2176
2176	2104
4183	2176
2076	267
2176	1225
2176	2478
2176	1166
2176	3162
2176	1004
2176	2588
1364	2176
2176	460
2176	3959
2176	3944
2176	3707
2176	1399
2176	4212
3713	248
2176	2104
2176	2104
530	296
2970	2176
2176	2811
815	460
3923	414
3800	2176
1602	2176
3395	3923
2176	296
1280	2176
3323	2176
2811	2176
2198	2176
87	2176
2326	2176
203	2176
2	2176
2356	2176
2076	2176
296	2176
3293	2176
3963	2176
414	2176
2788	2176
3329	2176
296	476
296	2176
3853	521
2176	296
2176	867
3923	1496
815	1364
2326	2198
1496	2781
815	2176
2176	391
2176	113
2176	2541
2176	1279
2176	3713
1279	2176
3713	2176
3325	2176
2781	2176
3395	2176
2176	2809
2954	1451
1747	2104
3714	1747
2076	1079
1747	710
1747	3791
1747	2590
1747	928
1747	4022
1747	3272
1747	3378
770	967
770	985
776	920
1340	920
2140	376
689	285
3410	1491
376	3454
770	920
376	920
985	920
1845	1491
2475	1845
1845	1252
985	41
2475	2483
2475	376
1845	285
3599	1845
770	2508
3977	376
1491	920
1522	920
2140	1491
1584	1845
1845	376
1845	3024
920	2475
2475	920
2475	689
376	2828
1845	41
1845	1491
3074	376
3599	920
2475	1491
920	1252
1522	1491
1491	1845
1845	376
376	2475
41	1491
920	3024
1252	1491
405	920
689	405
2475	776
3977	1491
1252	920
2140	920
2178	1491
920	1845
689	3454
689	1845
689	3977
2475	376
3964	1491
2140	41
2218	376
3823	376
1491	3024
1845	41
920	41
2508	3024
770	689
3823	967
1845	376
2508	376
3082	376
985	2475
2475	1845
405	376
2178	689
376	770
41	3024
1584	3024
1522	376
770	1491
2475	920
689	2475
3024	376
376	920
1491	41
1845	1491
41	920
920	376
376	920
349	3333
2062	2345
2419	603
2588	2345
2345	2123
2345	455
856	2345
696	2345
2345	2413
2345	2336
1421	2345
2345	1998
2345	2724
2345	3936
2345	2062
3261	2345
3862	2345
2345	3273
2347	2345
2413	2345
3747	1318
3778	3021
3747	3447
2345	2413
2345	603
717	1318
1464	2413
2345	3747
751	2345
1542	1771
2104	3703
1819	1546
280	3704
8	3704
3354	3424
3623	3704
198	3704
815	60
2279	250
1004	1066
1066	575
250	920
267	250
1062	2511
3773	2123
3773	3269
2731	2123
3773	3933
3773	3611
2104	3772
3773	476
3773	2588
3773	1451
3772	3272
2731	1451
3773	1451
3773	1451
3773	1850
3773	1451
2506	1451
2731	1451
2322	3773
285	2731
3454	3772
1587	3773
1884	3773
3772	285
285	3773
920	3773
3772	3454
1415	3773
285	3772
2731	285
2588	3773
3772	1432
1432	3772
1916	575
1916	985
770	1916
1916	1955
1916	1491
1916	111
3445	1321
1408	1378
3390	285
3390	1432
3390	1381
3390	865
3390	2601
3390	865
3390	650
3390	2168
2223	3390
2475	2104
920	2104
113	376
2104	2475
113	2475
113	920
2809	2475
1448	2475
3454	920
113	3791
3454	2475
920	1845
285	920
2475	1598
770	967
2475	18
920	881
3823	881
2475	1916
285	2475
985	920
985	2475
920	967
2475	967
920	376
786	2475
3024	689
920	2475
3074	2475
920	2218
2475	985
1845	2475
2475	920
2475	3141
376	2475
2475	376
2104	2475
770	3410
920	689
1584	2475
2475	689
920	3024
689	2475
41	2475
3914	2475
2475	881
376	1491
2475	41
112	920
920	2475
2475	376
689	920
920	1522
2475	1916
376	3024
2475	1845
1491	2475
2508	2475
2475	920
3714	3663
3714	2752
1079	1279
1986	424
3714	360
3714	2022
3714	1248
3713	2176
1177	2022
1279	2214
3714	2592
1986	360
1177	1017
1986	2109
1279	424
3714	2109
3714	424
3714	2214
1177	1011
1986	2214
2022	113
2112	2966
2588	1229
2588	2123
2588	3272
476	1998
2588	603
1998	476
2588	2123
3378	476
2588	3272
2588	2112
476	928
2123	2588
455	2724
476	3272
476	2123
476	3378
38	2588
2588	1308
2588	2718
476	2345
2123	2588
2588	503
2588	1998
1146	3272
476	1146
2588	3269
476	3280
2588	3458
2123	2588
2588	3378
2588	3026
2588	2345
476	3269
2123	1146
2588	2955
2588	3962
476	4051
2590	4051
2123	476
476	3272
2588	3272
2112	3244
2588	3280
2589	1146
2590	2724
2588	3026
1998	2588
2588	1146
3272	2588
2590	1146
476	2724
2588	2724
2588	3327
2588	2123
2588	234
2588	546
2724	2345
476	3661
3327	2588
476	2112
3280	1146
3280	2724
2588	1399
2590	1146
2588	4051
1146	2123
1146	2588
2724	476
2588	145
1146	476
2588	2123
710	476
4023	3508
476	671
1803	2588
1146	2589
3333	2588
2588	3333
2588	2999
1146	2718
4064	2724
2588	2409
2588	3661
2724	4064
2724	2588
3026	2588
3280	2588
2588	2551
1146	3026
2588	2123
2724	2590
2724	234
3272	476
2345	1146
4064	4051
476	3122
4051	2589
2550	476
3272	1146
476	603
476	2584
476	1146
4093	3508
476	2724
3078	2588
2590	4051
4023	1581
2588	603
1146	3275
1146	214
4023	1146
214	2588
4051	476
2588	2718
2724	70
3351	2588
3333	2590
1146	2409
936	476
4093	1146
3661	2590
3122	2724
675	476
1146	3280
3272	2112
476	274
476	2871
3274	2112
1146	2998
3280	3661
4051	4093
2724	4093
476	392
3207	2112
2899	476
1229	1146
3363	2588
476	3078
4051	2588
1146	1399
3508	2590
3078	476
3280	4093
2871	476
2409	2588
4051	4064
2724	4023
3333	1146
2112	1998
476	4023
1146	2584
2112	2674
214	2724
3280	1146
2589	4051
1581	2588
3280	2590
3333	2588
2588	3508
2588	2724
3661	2588
4022	476
877	476
4023	476
476	2589
2588	4022
2588	4051
2590	2724
476	3351
532	476
2584	2588
2313	1146
3275	2724
2590	1146
4023	2724
4051	4023
3333	3280
2605	1225
3025	3329
1540	3329
579	3329
3329	177
3329	1938
3773	574
3773	1256
924	574
924	28
924	3611
891	506
285	2322
1330	2601
2856	1256
1432	1321
2223	2731
225	4042
2856	2322
3390	865
558	865
3390	2168
285	3390
1865	3390
650	558
2809	612
2809	2076
2809	296
2809	3162
2970	2809
2076	2809
3162	2809
391	2809
296	2809
3405	285
2883	3405
661	3405
700	3405
3772	3405
1330	3404
351	3416
1092	2448
1587	3454
745	3390
2347	3329
745	521
2123	1451
118	2588
1451	2709
745	2028
877	3261
920	1448
745	2506
2176	2347
1038	1993
2732	2329
425	106
1653	1598
3704	42
1092	1175
2809	2511
2511	14
2475	2511
2511	23
1630	2511
2511	1951
2588	2511
1284	4079
928	3139
1819	3704
2279	1819
1819	3704
1448	113
285	113
2952	113
113	2347
113	3458
113	214
113	455
113	3342
113	2123
113	2347
113	1464
113	1630
113	1794
113	3061
113	612
113	3272
113	3130
113	2802
113	2511
113	2062
113	2718
113	920
113	1587
113	584
113	4022
113	2475
113	2588
113	4075
113	3791
113	1951
113	2791
530	3061
113	1916
113	3773
113	1018
113	23
113	2345
113	985
113	2731
113	3275
1556	113
1875	113
2176	113
2445	113
80	113
3545	113
3390	113
209	113
113	214
4019	113
1884	113
2076	113
2357	113
87	113
3923	113
2739	113
3959	113
2605	113
113	3563
3800	113
1166	113
460	113
113	296
3329	530
528	113
113	2357
113	2588
113	2176
2265	113
113	285
386	113
3162	113
3555	113
1225	113
1415	113
1273	113
3828	113
113	1225
414	113
3563	113
881	2483
296	113
4212	113
391	113
3638	113
113	2104
113	2809
2478	113
2104	113
360	113
113	1448
113	2478
2644	113
318	113
815	113
469	113
521	113
2071	113
1380	113
2104	113
11	113
889	113
988	113
1017	113
3944	113
2022	113
3272	3390
3390	113
3390	2809
3390	3272
3390	3707
2588	3390
2588	3390
3390	3162
3390	1381
2123	3390
1998	3390
3390	225
3390	2501
3390	3611
3390	3933
3390	3272
3390	2588
3390	2123
2739	3390
558	285
3390	1451
3773	1451
285	3390
4191	2559
3390	3454
3390	1448
3390	118
786	3390
3390	1587
3390	1381
3390	1321
3390	2123
1729	3390
3390	118
3390	118
3378	3390
3454	3390
1587	3390
920	3390
2223	3390
1884	3390
1432	3390
700	3390
1381	3390
3693	3390
865	3390
650	3390
1166	3390
1319	3390
285	3390
3772	3390
1448	3390
3390	3405
2875	3390
3791	3390
2123	3390
4137	3390
214	3390
1381	3390
663	1900
4116	1900
1618	1900
1618	1900
3162	1916
1166	1916
2809	1916
1916	920
2223	1916
1916	3823
575	1916
1916	689
1916	942
985	1916
111	1916
3408	2588
2104	1916
2811	2590
2875	1321
2062	530
2572	529
529	3265
529	3245
3245	529
3011	529
2076	3342
1630	3342
3342	2724
2347	3342
3342	2347
296	3342
3342	3329
296	967
2062	3342
2893	3342
3329	3342
3342	3340
3094	3342
1626	3342
3342	3094
3342	3247
3130	1164
2558	3341
3341	1255
3341	859
2552	3342
490	3342
3342	2552
3247	3342
370	3342
2552	2893
2552	3130
3130	2415
2972	3342
370	3341
2969	3342
855	3341
2169	3342
3342	2213
490	3341
3247	3341
2969	3342
3342	598
3341	490
3341	3247
3342	3247
3984	3341
3130	3342
3342	2169
3131	3341
859	3341
3162	3342
859	3342
3342	2893
1582	3341
3718	490
3341	3338
3094	490
1129	3342
3341	3131
490	3131
3341	2558
597	2313
3329	2347
2062	603
530	2062
2799	2287
3130	3329
2062	2345
2062	3026
1324	2588
2062	1399
3329	2062
3329	177
2062	3329
2415	3329
2062	2724
3329	579
3329	1540
3329	3342
3903	3329
177	3329
455	3329
3329	3130
2062	603
579	3329
2176	1324
804	3329
3329	804
3329	272
3329	3712
3682	2062
3329	579
2062	3329
861	2062
3329	146
2062	1164
3329	3016
3329	272
2062	2347
861	3015
3329	3016
2313	3258
455	623
2313	309
3317	455
3258	2313
455	2313
3258	585
585	455
309	455
455	623
1324	3329
1324	3266
2062	3130
861	2062
2062	3846
3329	579
2062	714
1324	3396
2062	2902
175	2062
861	2062
2062	175
988	3959
2176	3959
1004	2781
111	3959
3959	2109
2781	3959
3959	296
3959	2809
503	1233
503	1805
1308	503
81	3821
924	1321
1321	2210
3823	2316
1598	3598
1587	1597
1598	3598
11	3589
996	2109
1017	3571
3571	1532
3589	11
3571	1248
1815	11
4116	2601
4046	352
2609	1321
4141	1321
1330	2609
1061	688
1330	1900
2123	4019
4019	2123
2176	4019
4019	352
4019	3707
4019	2104
4019	521
4019	2357
1556	4019
4019	710
4019	2445
723	4019
3489	4019
4019	2590
526	4019
1788	4019
4019	1225
4019	3579
4019	1166
4019	2739
2085	4019
4019	1004
4019	1364
4019	2605
4019	4212
528	4019
4019	2153
4019	2478
4019	391
4019	1380
4019	417
4019	2983
4019	2665
4019	3959
3545	4019
4019	815
2156	4019
4107	4019
3198	4019
4183	4019
1875	1220
650	1900
2219	352
3405	1900
1190	688
1900	4199
4109	1900
4116	1900
4199	1900
4199	1900
3041	1166
3405	1166
3772	1166
3390	1166
352	2478
1166	1464
1166	2347
1166	476
1166	3272
1166	3269
1166	3378
1166	214
1166	3933
1166	2791
1166	936
1166	689
1166	877
1166	2511
2478	2475
2478	928
2478	2123
2478	2347
1166	2475
1166	4022
2478	920
1166	376
2478	675
1166	2871
1166	2506
2478	2588
1166	920
1166	928
1166	1916
1166	2590
1166	92
1166	3791
1166	2345
1166	2731
1166	3703
1166	985
1166	2724
1166	2123
1166	2588
1166	710
1166	1598
2478	2419
1485	2478
1166	603
1166	111
1166	1364
2076	2478
2478	3772
3707	1166
3545	2478
2443	1166
2478	988
267	3024
2478	1415
2478	710
1066	1166
1788	2478
1747	1166
2478	2590
1166	469
2478	4022
2478	476
3563	2478
1166	2104
2478	1273
1448	1166
1166	3800
1994	2478
1166	424
296	1166
3563	1166
2176	1166
1166	2443
2478	2104
2443	2478
2478	391
1248	1166
2176	2478
1166	2162
209	1166
3707	2478
2478	424
1166	1788
1166	528
3649	1166
1166	3959
764	1166
3454	1166
612	1166
1556	1166
1166	2176
497	2478
1166	1225
1225	2478
1166	460
1166	2605
1166	2101
2478	2265
1166	815
1415	1166
1166	3162
1004	2478
1166	391
2478	3272
1166	2478
1166	352
3545	1166
2970	2478
1004	2478
1166	1380
1788	1166
1166	497
1166	2357
1364	1166
2894	2478
1166	2588
1166	2531
119	2478
391	1166
1166	113
2478	815
1166	3390
1166	296
2970	1166
2478	1364
2478	3162
2076	1166
2356	1166
1166	391
3579	2478
3489	1166
2153	2478
3853	2478
785	2478
2781	1166
4183	2478
1166	3772
1166	521
2478	113
1875	2478
521	2478
318	2478
1166	3415
4	417
1166	1364
3489	2478
4212	1166
2478	1380
1004	1166
3959	1166
2478	1166
4212	2478
3436	2478
1166	3707
1364	1166
1166	3545
285	1166
1875	1166
1166	4212
528	1166
1364	2478
1166	2479
2478	785
391	1166
2809	2478
363	2478
2541	2478
1166	352
1166	710
1166	3405
1166	710
1448	92
376	1321
3707	1166
3390	1166
1166	867
3408	2588
3959	2153
2153	2176
2153	3959
2153	2101
2153	988
2809	2153
2153	2478
2262	2153
2153	815
3199	1364
2085	4212
2279	60
1884	3703
3703	352
3405	3703
3703	920
3704	3424
1066	3703
225	1884
2104	1884
3611	1884
1884	2475
3773	1884
1884	942
1884	2322
1884	1491
1884	376
1884	786
1884	2731
3405	1884
1884	689
1865	1884
1884	225
1884	2104
1884	3611
2531	1884
1884	2168
1884	3390
1884	3773
3823	2202
2531	285
1951	355
2104	355
355	881
355	1556
355	2104
355	1598
355	3141
355	1916
967	355
60	355
111	355
18	355
2229	1364
3461	12
3707	1556
2322	3611
2322	28
2856	28
3611	28
603	2357
2647	3162
1729	967
4161	284
3773	113
118	3773
118	3773
2883	688
3743	284
3041	284
3917	3084
3545	178
1741	3545
1415	1843
1415	1220
3972	1415
1415	2752
3649	1415
3564	1415
3882	3335
3488	2443
1878	3335
4152	2445
3252	2445
2445	2883
2409	2445
159	2445
3026	2445
648	2445
2656	2883
2347	503
2103	2588
2739	2123
815	1279
2103	2123
2198	1415
815	1146
2739	2198
2198	3563
2103	2674
2781	2739
1279	1364
3563	985
87	2739
296	3563
1279	2478
113	2588
1184	2739
2809	2123
2809	2674
2781	3563
3408	2591
2198	1273
87	1415
2198	815
530	2103
3563	285
3714	815
988	2998
3162	815
2478	3714
87	3713
1415	2103
3162	2739
2103	2724
2176	1279
3454	2103
296	1415
988	2591
296	815
3563	1146
1273	3714
2198	1004
815	2103
2198	1364
87	1004
2103	2781
1184	2739
2739	2103
815	111
815	87
1415	985
1279	1415
815	3563
2588	2103
3714	1415
3563	3714
2739	3827
2739	2809
1279	3563
1017	2591
3563	815
2103	815
3563	2739
1415	815
386	3828
386	3555
2204	3563
3563	528
3828	2739
2781	1004
386	2739
2741	1279
815	4
3827	2739
3563	3888
2739	815
2739	3828
2739	453
2739	386
2176	3713
2739	3714
2591	988
390	815
299	2739
1880	2739
2147	3563
3563	2204
2752	1415
3563	2147
3563	2103
4	815
529	2332
2739	3563
1415	3563
1994	3563
2103	476
1279	2739
2739	80
2739	1091
2739	390
296	2590
2739	2588
2103	2588
2103	3563
296	2103
2739	3555
2176	2103
1398	2739
3828	2739
529	2572
386	2739
1184	1273
1184	3563
2047	2533
3743	1321
4116	2533
4118	2533
2609	3743
1900	3743
209	1737
209	1556
2483	2809
2483	2214
2483	2104
2483	2357
2483	4212
2483	2478
285	2483
1884	2483
1873	2483
1729	2483
111	2483
2140	2483
2483	1916
2483	256
2483	967
2483	985
2316	2483
2483	1700
1598	2483
575	2483
985	2483
3233	2483
2483	985
3378	118
2140	1598
770	1598
1556	26
1556	1568
2811	2270
2811	2917
2995	318
3742	2105
3933	4077
593	3933
1955	3791
1955	2104
1549	2214
1955	2809
1700	1884
2862	1598
1098	2316
1955	18
3434	3410
1700	1549
1700	60
1955	1700
1672	3390
650	3390
2509	285
3772	3390
1558	143
1568	1004
1558	1004
2811	1558
1004	1558
1558	3257
1558	3473
3867	1558
3806	1558
1004	132
1558	143
26	1558
1558	1568
3929	1558
132	143
1558	2719
1558	3806
1568	1558
3806	1558
1568	132
1558	26
1568	3867
2248	1558
132	1568
1558	3707
506	3151
861	2062
2062	3004
2223	2104
2123	2223
2588	2223
3272	2223
3933	2223
2223	1451
2223	3933
2223	2322
2223	2123
3390	125
2223	3272
2223	1319
2223	3611
2223	2954
18	2223
285	2223
985	2223
3454	2223
3141	2223
881	2223
3772	2223
1672	3390
650	3390
2223	3390
1482	675
1125	675
2871	3122
675	2044
1105	675
2128	4069
1964	2416
193	1145
2176	613
1556	2446
2355	2446
3545	3177
3988	3545
2446	3177
3545	2446
2446	3988
2446	1816
3250	2446
1346	2446
2446	683
2446	3488
2123	3390
2028	3390
1448	118
745	3773
745	3390
3390	118
3405	118
2506	3405
2506	745
2506	3390
3790	3742
1359	3535
709	3790
2590	3790
476	3790
3583	3790
3742	3790
3360	3790
3790	3049
3790	2419
3790	2746
3790	476
2746	3790
3790	3742
494	2982
522	1523
3162	2590
3611	877
3272	3611
2123	506
2123	2322
2123	3611
2123	506
2731	3611
3773	2322
1448	3611
3611	3772
3773	506
1448	2322
1448	506
2856	2104
3454	2322
3454	3611
3405	3611
3772	3611
3454	3611
3454	506
924	3611
2223	3611
285	3611
1448	3611
2856	3611
2322	506
2856	2322
2856	506
3454	2322
1630	3611
2322	2856
2123	2588
3454	2104
225	2322
2005	2322
3329	3611
225	967
967	710
967	2123
967	2871
967	476
967	877
967	2347
967	1464
967	2588
967	3611
967	4022
3611	967
967	214
3342	967
3390	967
3611	967
23	521
967	2104
125	967
967	4191
2223	967
612	967
2103	967
924	967
1448	967
28	967
1630	967
967	3405
1381	967
1587	967
2322	967
967	2809
967	2153
1884	967
942	967
3773	2123
1432	967
2845	967
967	2214
967	521
967	2176
967	815
967	3563
967	3162
967	1415
967	2357
285	967
967	3959
967	2104
2883	967
967	4019
1166	967
3773	967
967	526
967	3390
967	2443
1777	967
3454	967
285	967
2103	967
424	967
967	3489
967	209
2214	967
3545	967
967	1448
3956	967
967	1448
4189	967
967	1788
113	967
2153	3342
967	924
967	2104
2605	967
1017	967
888	967
967	2511
285	967
2511	967
1794	967
967	942
2104	967
2588	967
1432	967
2176	967
2202	967
689	967
86	967
967	786
1225	967
2739	967
2856	967
786	967
4212	967
2478	967
3772	967
3959	967
3849	967
3162	967
967	1729
2357	967
967	1558
3944	967
2983	967
1729	967
967	1066
4183	967
2104	967
2739	967
2202	967
4191	967
2223	967
967	1491
528	967
3405	967
967	250
967	60
2153	967
391	967
1378	967
967	689
967	1587
967	770
967	1874
209	967
967	1845
967	1873
967	1491
967	963
967	3823
924	967
1002	1630
1062	967
967	1884
967	2508
967	786
967	2483
967	920
2809	967
967	376
1448	967
1994	967
1556	967
1321	967
1558	967
967	700
967	1955
967	355
967	3454
967	285
1916	967
3700	967
967	1252
1951	967
967	4137
355	967
967	2883
967	1098
1556	3703
3704	559
143	3545
3649	521
3649	4019
3649	2478
4019	3563
3972	3649
815	1225
532	476
3707	3545
2445	3985
3545	3488
2445	4178
2445	2721
985	2446
2446	3545
2445	3488
2370	3545
2445	1771
3452	2445
2446	1252
143	2446
3545	1878
3545	2446
178	3545
3877	3545
627	967
627	3141
1556	627
2262	2811
627	2588
1166	627
2811	627
3063	2104
521	627
3944	627
627	1025
3572	627
3849	627
3162	627
2357	627
2076	627
3853	627
3923	627
32	627
2162	627
518	2322
3390	518
1598	518
518	985
518	2104
3410	1741
2445	2883
111	2588
2176	111
3162	111
2809	111
2104	111
111	1598
1987	2219
4119	1900
1618	1900
688	1900
1563	3545
2446	3352
1816	2443
14	867
888	1791
3714	390
1279	528
1017	1279
1017	1177
2198	4020
209	2109
2176	526
2214	3714
3735	2109
2198	417
1279	1023
3707	3162
1875	3707
2198	390
2150	988
988	1279
209	1023
526	2109
3395	1017
2262	2665
988	3714
1108	1166
522	2262
1875	988
2176	4107
460	2076
3160	2262
4020	507
3735	1023
4107	2150
2109	32
87	1023
1108	2214
2262	2894
3489	424
87	2982
390	3923
296	521
988	300
522	3063
2739	2109
2894	2109
3408	2198
2983	988
1364	2781
296	4020
4107	823
2198	2109
528	2109
1736	2357
2800	528
2150	522
296	1177
296	390
522	3671
3489	1364
2109	2176
1115	522
2970	1364
1023	2176
1108	1023
3579	988
2083	1875
209	492
390	3323
3972	2109
1166	2781
3972	2808
2176	2775
526	2357
390	3489
1108	2109
2076	2109
3123	2355
2417	522
460	815
4020	522
296	1115
785	3123
2355	3649
3160	2176
4191	2109
1167	1108
3923	2541
3565	2611
1166	3923
522	87
1226	2109
1875	2198
988	2478
2076	1364
111	2983
3395	2109
2357	3489
2022	3972
1220	2214
1364	988
296	3323
3160	2076
2480	2022
3565	2355
521	2176
1243	573
521	3162
2970	2929
2064	507
2355	3395
296	528
2109	296
2262	2808
3818	522
2176	390
988	1731
2781	522
4020	1017
1273	1875
460	2176
522	3395
3160	3063
522	119
3923	2262
3714	522
2109	2355
2150	3972
2970	2665
2355	505
1220	1017
785	2355
4038	573
3325	2109
2983	2109
521	296
522	526
1364	2109
2106	1765
528	988
424	988
2894	1969
2214	296
1023	2894
507	2355
988	521
159	785
823	1986
391	300
3714	460
2109	3160
2106	2480
2103	823
1875	360
1011	3198
1986	4038
87	391
424	296
2328	1017
3160	2109
2745	2109
3162	2775
2022	1986
2214	360
2355	2983
360	2198
2665	3735
505	1166
2772	2109
1706	87
2106	87
2480	424
988	3160
988	2109
3923	460
113	988
3853	300
2781	3395
1364	1279
850	2355
2775	2355
390	2109
3160	492
528	2214
1115	2808
3160	3395
2894	3714
2109	3063
2357	3714
2541	2214
3395	460
2894	573
2355	2076
2150	2665
2198	507
87	1004
988	2480
2894	639
390	526
2357	1969
2176	3160
3162	639
988	3959
296	2109
469	3395
2355	2214
785	1279
3714	2022
2106	1736
1017	1108
3565	2109
2894	2109
2076	521
2970	2328
1023	2262
1166	2109
988	3123
507	988
988	2176
988	296
2176	2109
2109	300
209	3160
1177	2106
3617	988
2355	2176
2265	2534
3753	2355
639	3162
988	2103
2355	815
1011	1875
2541	2355
3714	1004
460	87
2656	285
1878	2443
2656	1771
3162	2443
4152	2656
2800	2443
2443	2656
391	2443
3700	2443
686	2443
2370	2443
2854	2443
3352	2443
1542	3985
2656	2443
4149	2443
3545	2656
2656	1771
2443	3250
2656	4178
2443	1542
1877	2443
2656	3985
3988	2443
2656	437
3452	2443
116	2443
2656	352
3877	2443
2850	2443
1630	2944
3233	2483
3405	815
815	2347
3563	2123
3563	710
815	2590
2739	2590
815	3272
3563	2590
3563	2198
2150	3563
2739	2104
2104	3563
3563	2104
815	710
3563	4212
3563	2809
815	1448
2739	3827
3563	2104
815	2357
2176	2265
815	386
3563	1364
3563	1166
815	2739
2739	2104
815	2809
3563	1004
3563	815
815	1220
2478	815
2739	3827
3563	3828
521	815
113	815
2739	815
815	3555
815	3563
3828	3555
2739	3828
4	2739
3563	1415
1166	3563
2104	2739
2739	386
1273	3563
3828	2739
417	2739
3563	2739
80	3828
3563	3888
2739	3563
3563	2147
453	2739
3563	3593
386	3828
815	3405
4019	815
3563	2744
3563	3166
815	424
2739	3555
3972	3563
1398	2739
815	2739
3563	3476
3555	386
3563	3979
3563	521
521	3563
453	3828
1091	2739
3555	11
815	4212
815	3563
3563	3857
2739	815
3563	1677
3563	2727
3563	3912
2739	3563
5	2739
815	113
2739	453
3563	815
3563	126
3828	386
80	2739
3563	1273
453	3827
1884	2316
2223	1598
1321	1598
1587	1598
2223	3141
1448	3141
942	3141
1884	1598
1491	1598
786	2316
2104	1598
2809	1598
1587	1598
1556	3141
920	3141
1225	3141
1598	942
1955	3141
1598	1556
1166	3141
920	1598
18	2316
3959	1598
2214	1598
881	1598
256	1598
1167	1305
13	3141
1598	881
3141	1777
1598	3141
2475	1598
113	1598
3141	1598
2511	1598
1598	3597
881	3634
3141	2316
81	3141
1700	3141
3141	1625
1598	81
985	3141
18	3141
3624	2316
3141	426
62	3141
881	1625
3141	165
2316	1598
3141	13
3411	3141
1598	62
1598	2473
985	1598
1598	575
1598	3141
1598	1587
942	3141
1598	111
1598	3624
4135	3141
881	3141
1347	3141
1598	426
3141	627
1598	4135
64	1598
1598	3141
985	3141
881	3141
2738	200
209	3454
3611	3454
2731	1451
2322	3454
3454	376
3454	3758
3638	3454
3454	1491
2140	3454
2531	3454
3454	1321
3454	1256
3454	689
3454	3758
3638	3454
2856	3454
4116	3454
3416	3454
3454	1615
3454	3638
1549	1700
1955	1700
154	3545
688	3416
3405	3416
1987	1378
3041	3902
3041	285
1615	285
352	4118
4199	1352
3639	1330
1900	285
3405	1884
3405	2322
3405	285
2883	3405
3405	1330
3405	3454
1865	3405
3416	2104
3773	3416
2531	2533
3416	285
4154	3416
1321	4116
4046	3416
352	3416
1321	285
2531	3416
2531	3415
2531	2533
2531	3048
1408	3416
225	688
2123	1615
3611	732
575	688
732	2883
352	1900
3405	1900
1874	688
2601	732
732	3335
1321	1874
2526	688
3422	688
352	688
351	688
666	732
1615	688
3639	1900
1440	688
3902	688
267	3405
3390	267
267	3405
2202	3454
688	3454
3454	2104
3454	1166
2123	3454
3272	1448
113	3454
2104	3454
4212	3454
3773	2123
2214	1464
3162	3454
2809	3454
1004	3454
1166	3454
2322	3454
2104	3454
815	3454
2478	3454
2443	3454
3454	733
225	3454
1630	3454
3454	376
3454	3611
3454	2123
602	3454
3390	3454
506	3454
3454	506
3772	3454
2322	3454
3454	2322
2731	3454
3454	786
2590	3454
3454	3772
1448	3272
3390	3454
3454	28
3454	2357
3454	225
3454	2104
985	3454
3454	113
3454	1004
3454	2856
3454	3773
3454	1166
352	3454
3454	3390
920	3454
3454	2809
3454	2322
2123	3773
3454	2590
3454	506
2856	3454
3454	2478
3454	3405
710	521
3454	1448
938	4079
3329	272
1129	3329
3329	804
146	3329
3016	3329
3329	530
3025	3329
1938	146
272	3016
2742	3329
146	1938
579	3329
3329	2742
3444	3390
4109	3445
3444	688
209	667
1858	1418
1977	1553
3461	928
2374	4079
1000	928
1924	710
2388	928
2129	936
75	928
3714	3972
3972	1485
3714	3123
4058	4042
4042	2565
3697	4042
1630	3342
1630	1951
1630	612
1448	1630
2856	1630
612	1630
1384	1630
2588	1630
1002	1630
612	1630
1630	1002
1630	867
1630	612
1630	2151
745	256
2123	2028
1448	745
2701	2879
1146	928
476	928
3078	2879
274	603
1520	2674
1998	274
4093	928
274	3269
274	3261
2550	2123
2123	214
274	75
936	2879
1998	214
3378	274
2674	709
1146	2879
274	3280
2123	3273
3661	928
2966	709
274	1998
1695	2674
2879	274
2590	928
2589	928
3272	234
2724	3274
2709	709
928	2589
709	2123
3836	709
709	2123
3269	274
709	1998
3207	234
3661	1695
928	274
1146	2364
2584	2879
2584	2123
1466	3269
2724	3269
3207	878
1466	546
274	2409
1581	928
3207	2724
1554	2724
2871	928
3207	274
709	3378
3378	709
709	3836
2550	2879
214	234
709	3274
3269	709
1520	2879
3275	1466
1146	1998
2724	928
3244	709
3274	709
2123	709
1998	274
2724	709
3272	878
2550	928
1998	709
1146	1466
709	3261
709	3272
792	3508
3272	709
1998	2550
2674	214
2879	709
3661	3261
1146	4093
2364	2879
274	2123
3078	928
928	603
2715	878
2674	274
234	3269
709	3269
2724	1466
709	75
709	2674
274	928
3274	274
234	3207
928	3274
3508	709
1146	274
2123	274
2374	2879
2724	2590
928	3269
928	1146
274	2724
878	3269
760	928
274	3661
603	274
928	1998
2584	2589
928	2715
2899	928
928	2966
878	2123
2724	3280
3269	928
274	1146
2724	3207
928	2674
709	2966
2584	928
928	3106
709	3207
425	1998
234	2123
3537	1998
1146	532
2589	3537
3261	709
928	3517
1146	3275
1520	2724
2123	878
928	3272
1146	2718
476	3537
928	3207
2724	3146
2790	1466
1466	1146
3261	2879
1998	3537
2584	709
2871	2724
3274	878
214	2724
2674	928
709	2899
709	3026
928	2123
2123	1466
745	274
3661	2584
2589	709
2550	1146
3274	234
2879	2674
3537	2879
1695	2879
3661	2123
274	2879
3280	2724
936	214
709	3244
2709	2966
4023	214
2899	1998
2550	2724
3508	3537
2693	2879
1998	3378
709	2724
2589	878
214	3026
709	2871
214	1146
274	1998
4093	3537
532	2724
709	3280
3661	3537
1998	2966
274	3280
1146	2590
1466	2550
2724	274
878	3078
4051	274
2123	3272
4023	2364
3269	2550
214	1466
4022	214
928	546
2879	928
546	2966
3269	1466
928	3378
1466	274
2848	1466
675	878
792	214
1998	3244
546	878
214	603
2129	2724
2550	2899
2674	1466
928	274
1998	2584
2674	2715
2589	2364
3661	274
709	2589
2112	3207
274	878
709	1998
3269	3207
3269	3274
928	2879
2550	936
3269	878
878	4023
2674	2112
2550	4023
2364	2724
1520	928
1581	709
3269	2674
928	3021
2715	2879
2966	2674
709	546
2550	671
75	709
2550	675
2899	709
2674	2123
3661	3078
671	1466
234	2879
476	274
2123	2674
1146	2899
2709	3207
2590	1520
2674	1998
936	1998
2550	2364
3244	2123
1998	1466
456	3269
2899	274
3661	2329
2354	1998
214	2879
2709	2674
3146	274
2550	709
1998	3274
878	2879
3537	214
2899	1466
214	1695
3078	214
2674	2879
709	928
3517	3274
425	709
3661	709
2724	1146
546	1998
2123	75
2329	928
3274	2715
2715	1466
3261	878
2879	2123
274	1581
2724	3261
234	709
1998	878
2871	3537
274	3146
274	1146
3272	2123
3661	3280
928	2135
2715	2674
2364	274
274	2215
274	214
3106	1998
2967	274
274	2998
234	1998
709	675
75	274
2364	1466
3537	2693
2871	3661
2674	3269
3272	3269
234	928
1466	2049
3269	1998
3537	3261
760	1998
1466	709
70	2724
878	2966
2550	476
3843	878
1466	675
214	274
3537	3843
1998	1695
1038	234
3274	2966
3537	234
3843	1466
1998	456
2123	1998
760	709
106	878
2709	2879
2550	2374
3207	546
1466	3273
2724	2550
2693	709
2715	3207
2715	3274
3378	2674
2879	709
878	3207
1466	3021
1146	2551
3537	1695
3537	2374
2879	1466
2724	878
1466	603
878	234
3537	2701
2123	2550
1695	2123
2589	1466
1998	932
1998	2871
1146	1229
878	2584
2550	2871
1695	878
2374	1695
1466	3661
2724	3537
3274	1998
3537	878
1520	214
2374	2550
1998	214
1695	1520
2123	3207
3269	1695
70	274
1305	214
3274	3269
1466	2129
546	2879
928	214
1466	4023
4023	878
878	3261
3537	2079
2674	2584
709	603
75	1998
1998	709
1466	2674
792	274
1146	2584
3537	932
2123	928
1146	4023
3537	4069
878	3378
3280	3661
3269	3244
1466	1387
2123	3836
2879	928
2724	532
274	4051
1466	2329
2674	2966
792	1146
2550	274
878	1466
709	2879
2112	1998
3261	1998
928	1466
3207	3269
1146	364
274	792
1466	2899
2584	1146
1695	1998
2079	2879
75	878
1998	3207
2123	603
3207	2112
1998	2709
476	234
4023	2584
546	3274
2674	2709
709	274
3508	274
75	2879
2724	4022
2584	1998
3274	2709
1146	1399
2123	3537
3078	3537
3274	3378
3244	1466
1998	2724
2674	2123
274	603
2899	3537
2123	2879
2374	928
3274	3244
2674	2590
274	928
3537	603
214	709
2966	2123
274	2550
1399	1146
2129	274
3661	4023
214	2550
1466	3274
2966	3274
214	3537
214	2899
425	878
1998	2123
41	285
376	920
1845	2475
1491	689
689	920
3024	985
985	41
3875	376
3024	41
1252	920
920	285
920	1491
1491	920
285	1491
41	376
920	376
920	2475
920	689
376	1491
2475	920
1845	920
3599	920
1584	1491
689	2475
776	689
2724	1998
274	2123
792	1998
274	1998
2590	1998
2724	1695
2724	710
877	2589
3269	1464
2123	2871
1464	1998
710	2584
4093	2724
1146	455
710	1998
2589	2494
1146	1323
274	2724
1146	3333
1146	623
214	476
1146	3280
1146	3275
710	2123
215	3661
274	1146
1146	2313
2724	877
1146	2590
1146	3531
2374	274
2374	2879
3661	2584
936	1998
936	2584
1998	936
608	1146
214	2123
3661	476
3508	476
476	2724
2724	3547
2123	710
3661	214
2584	1998
2724	3275
2123	1464
4093	1146
2590	1464
877	1998
274	3661
2724	760
1998	710
274	214
3288	2724
3508	710
1998	2584
710	928
476	274
1998	760
4139	285
2883	3405
2883	1469
2609	285
3405	285
2875	3416
1987	4211
2731	3405
2875	1321
700	3405
3454	3405
261	3405
2526	3416
1385	3422
3405	1321
732	3422
3422	3416
1330	3405
2350	3415
3335	3405
3427	2609
3982	424
1876	3563
3188	2752
1790	4019
786	2104
786	3141
786	1916
786	256
786	985
786	881
786	18
786	967
285	786
786	1955
1598	786
1587	2191
4162	2191
2311	1587
2899	239
274	2431
274	102
1975	2899
2374	2724
2374	2879
2588	2374
2724	2374
2265	226
226	2265
2739	417
1485	391
1986	391
1177	1166
1568	113
143	1004
2478	132
1004	143
1558	2719
1558	1740
143	26
1568	143
3791	3026
2419	3026
2419	3019
3791	1475
2419	603
584	603
3791	2301
3357	1475
3104	1475
3933	603
3309	3791
3933	1475
3019	3791
3791	2409
3742	3936
1442	2419
118	710
1330	3405
4199	3416
3743	3405
3264	1402
1230	2347
1694	2966
3849	2176
627	2176
2357	1011
3735	209
113	2109
3849	2265
285	4212
4212	2347
4212	985
4212	352
4212	920
4212	2347
4212	2419
4212	3405
4212	2588
4212	3773
4212	2123
4212	3272
4212	710
4212	2588
1225	2588
3563	4212
1448	4212
3707	4212
1225	2104
4212	1364
4212	3162
4212	3563
2076	4212
391	4212
2443	4212
4212	2214
4212	2176
4212	424
4212	2153
2104	1225
1166	4212
1225	2101
4212	3959
209	4212
4212	983
4212	296
4212	4019
4212	391
1225	2176
4212	2104
4212	528
4212	2983
4212	113
4212	1225
4212	3944
1225	2104
4212	1004
4212	2590
4212	1364
3454	4212
4212	521
4212	1380
4212	285
391	4212
2104	4212
1371	10
1018	10
1018	1371
1916	880
3390	1432
866	285
558	865
3960	3390
2131	2076
2076	2131
1630	2131
4090	2131
1546	2279
2588	3061
1324	3266
2076	3579
2076	785
2076	1124
2076	2101
3395	2076
2970	2076
2076	2970
2076	3342
2076	2347
2076	2969
2970	3130
2076	2590
4019	2076
3563	2076
2076	1166
2076	2739
2076	521
815	2076
2104	2076
2811	2076
2076	3162
2076	2153
2076	2104
2076	2357
2076	2478
528	2076
23	3343
2970	2811
2076	2811
113	2970
2076	2893
2103	2076
296	2076
2076	3247
4212	2076
2076	2588
2076	1184
2811	2076
2076	3923
526	113
526	521
2809	526
2104	526
526	2478
526	528
1556	526
526	2711
526	363
3959	526
723	526
3358	526
209	526
3753	526
285	1166
285	2104
2357	285
285	3611
2809	285
4212	285
2104	285
521	285
2739	285
2478	285
815	285
3390	285
285	1955
3563	285
2322	285
1166	285
285	920
285	225
285	376
2883	352
2506	285
3772	285
285	689
285	1491
285	3773
285	3390
285	2731
2483	1700
285	3772
285	920
285	3390
285	352
285	1166
285	942
285	1845
285	3773
285	3346
2883	3405
1615	284
284	1321
4199	284
2531	284
284	688
700	688
3638	284
284	942
285	2475
4199	285
285	1321
700	285
1166	603
1166	3936
3563	603
2214	1252
2214	603
2214	2588
2103	1442
3857	3714
3714	1415
3714	815
1184	3563
3714	1273
1485	3563
3714	507
3714	2592
3714	3563
3714	424
1177	2214
424	290
3714	2214
3714	1248
2214	1079
1177	1166
1986	2214
3714	2103
3714	1011
3714	360
1485	1011
1485	2214
732	2104
3743	3335
3335	3743
1900	3743
893	3902
732	1352
3743	3902
1321	3743
1385	3743
4118	3743
688	3743
1352	3743
3772	3743
3415	688
663	2045
2856	2322
2856	3611
3638	3772
290	2103
2322	506
291	2322
2322	28
3800	2534
1994	113
3707	2811
113	1184
3182	2502
2263	113
113	2198
1023	2198
3182	1108
2811	3849
113	87
1079	113
3063	2811
113	3162
3707	2811
2811	2176
296	113
3714	3707
2150	1951
1184	4019
355	492
985	2983
3411	1731
1079	2983
3756	723
3972	2263
2983	521
3182	2983
2983	2357
2983	815
2103	603
2214	2409
2103	2409
2214	603
424	2409
113	462
2103	3962
2592	2409
113	3936
2952	3563
1485	1004
1485	113
3714	1380
521	2347
2263	1004
1415	1874
1177	3563
3714	1017
3714	2109
1485	2764
1177	815
3714	481
3714	2106
424	1986
3714	2103
1279	2054
3714	3943
2263	113
1004	1184
1485	521
1079	318
2103	2150
618	3714
1079	521
3714	2214
1177	2214
1986	2103
2214	2150
1177	2103
3714	507
3714	1415
2478	1184
290	113
1079	1023
1248	3714
1279	113
971	3714
2054	2198
449	2103
1986	2214
2214	87
3019	2746
1485	2214
2198	521
3714	1011
1485	3579
3714	1093
1485	2103
627	522
113	111
3714	2214
3714	1166
3714	424
627	2811
1380	2739
3849	2748
3849	277
3849	2811
3849	1556
2811	3849
86	3849
113	3849
1556	3342
3342	1556
1556	3272
1556	2123
1556	1464
1556	2588
1556	1017
1556	2651
1556	2347
1556	214
1556	710
2475	1557
1556	4022
427	1321
3773	1556
1556	23
1556	2419
1556	1951
1556	1951
3638	1556
2223	1556
296	1556
113	1556
1587	1556
1556	256
521	1556
2809	1556
627	1556
1598	1556
1556	3707
1321	1556
3390	1556
1448	1556
2316	1556
2605	1556
1381	1556
1399	613
3405	1556
3141	2511
1556	21
1556	427
2713	1556
1556	2748
1556	4142
2970	1556
132	1073
3849	1556
1884	1556
1556	4183
612	1556
1556	1788
1556	2150
2719	1556
143	1556
786	2202
132	1568
3929	1558
3563	1556
285	1556
639	1556
26	1556
1558	26
414	1556
1556	1776
1556	3348
142	1556
1415	1556
1556	27
1073	1556
1556	200
132	960
1556	575
1556	2483
1556	985
424	1556
143	1558
1556	888
810	1556
1556	355
1273	1556
1556	1791
1556	526
497	1556
1556	764
1556	528
318	1556
132	143
3806	1556
1558	1568
1558	132
1558	2201
1556	18
2739	1556
1556	113
1556	2104
132	3867
1556	3756
1556	723
86	1556
1556	3141
2076	1556
132	3306
3454	1556
3929	132
132	1556
132	1558
2214	1556
1556	363
1556	2995
785	1556
1556	3489
1556	2345
1380	1556
1558	3867
1558	143
1568	1558
1556	2201
1556	26
132	3806
2103	1556
1556	2357
2162	1556
1556	521
1556	209
1166	1556
3806	1556
2176	1556
2265	1556
1556	2399
1556	2681
352	1556
285	1556
1568	1556
1558	132
1556	1568
26	1556
1556	391
3473	1556
3123	1556
1556	1364
1225	1556
1556	3141
113	1556
1556	3257
296	1556
454	1556
1556	1568
329	1556
2952	1556
2665	1556
988	1556
815	1556
194	424
194	2443
132	194
194	1556
194	3855
2343	2265
2343	3800
2162	3579
2064	2811
3806	2983
3565	2812
352	1788
1788	352
2588	1788
1788	3411
285	1788
1788	2588
1788	3707
1788	92
2176	1557
986	1900
3416	1884
1448	2590
1448	710
1464	3611
2123	2590
3378	4022
3272	3707
2123	2322
2123	3611
3272	3454
3272	225
3272	3611
3272	688
3773	4022
3773	1464
3773	2123
2809	3272
3773	2590
2731	3272
3390	3272
3405	2590
3773	928
4212	2590
2104	3272
352	2590
113	1464
2357	2590
296	2590
3773	710
2478	2590
2104	1464
1166	2590
521	710
2176	2590
3773	1451
113	710
352	3272
3162	2590
3272	710
352	4022
2104	2590
2104	710
1166	4022
4212	4022
2076	2590
3707	2590
3405	710
2809	710
521	4022
2809	4022
2478	4022
2724	3272
2104	3272
2104	2590
1166	3272
476	2123
1166	710
274	3272
3078	3272
274	2123
2590	3272
2590	3275
1017	2590
2104	4022
2345	3272
2104	710
3405	2123
2871	3272
2590	3378
113	4022
2590	1998
1166	1464
4022	2123
760	2123
2590	2123
4093	1464
3272	3269
4022	1998
1520	3272
1146	3272
4022	2104
2104	1464
455	1464
2590	2104
4022	3272
2590	2718
4022	3269
877	3272
3537	3272
4023	3272
988	4022
2590	3269
4022	2123
3272	710
2899	1464
2590	2966
382	3272
2590	3272
2879	2590
2590	1451
2104	2123
603	2123
2374	3272
476	928
2590	3244
476	3272
2589	928
710	3280
1464	3272
710	3244
476	3272
710	2966
3378	2590
2590	1464
2693	3272
2590	603
3272	476
710	1998
1835	928
603	3272
2123	4022
710	3378
4022	3272
2590	2123
4022	3378
2622	928
3269	710
2590	3261
1998	2590
3269	2590
3661	3272
2590	603
2590	2724
2724	3272
2590	3026
2590	2879
2123	710
2104	2590
2590	1770
710	3272
3272	710
2123	710
710	3351
2345	710
476	2123
2590	3661
710	3269
2590	2715
1483	928
2590	2345
3933	1464
928	1146
2345	1464
3261	2590
928	2724
928	3508
2223	44
710	2879
3378	710
710	1146
3274	710
928	476
2724	710
877	710
214	928
2590	3272
3272	2590
2590	2123
3207	710
2590	928
710	4023
3933	710
2590	3272
928	2589
928	2590
2590	2718
710	603
2791	1464
710	2345
234	3272
546	928
928	3308
710	2409
2724	2590
928	2550
745	928
1146	2590
710	928
3261	928
928	2314
1998	710
928	214
2966	710
710	1103
2715	2590
2589	710
3272	1464
2590	675
3378	1464
928	3207
2123	2590
710	425
2590	1399
928	584
710	3272
2590	2550
2123	456
1998	2590
710	1305
2590	3405
792	928
3272	4022
2590	3363
2966	2590
3378	3272
710	2589
710	2590
2589	928
2590	710
2345	2590
3261	710
2590	382
928	3269
710	2123
877	928
3836	3272
710	476
2590	1464
3517	710
2590	2374
2419	710
2590	1998
1464	788
710	3026
2590	877
4093	710
1448	1319
710	551
1018	1464
584	710
1464	3269
2590	2551
928	3274
2590	1146
2724	760
710	2715
877	4022
710	1299
710	4093
1464	2724
2590	3327
2590	2347
1464	3274
2364	710
1464	2347
3537	928
3272	584
652	2879
1464	3272
1464	3078
1464	2966
3933	928
3447	1464
1464	2693
382	928
1464	3292
456	3272
710	382
928	4022
2410	928
1464	39
877	2590
2966	3272
710	2068
1464	2551
710	2967
1464	3280
2590	3773
456	2550
1464	2879
928	2966
1464	932
4051	2590
2715	1464
790	710
1464	1323
1464	3207
214	710
2175	928
2590	3508
1464	214
2550	928
1166	4022
760	928
710	532
710	2589
1464	4023
3274	928
681	710
3836	928
1464	3275
710	3273
1464	2715
3272	928
710	214
4069	928
1464	584
1464	1581
2590	2724
2123	1850
2879	928
1174	928
2693	928
710	2123
1464	3702
2590	2129
1464	2780
1464	3053
4023	1464
2345	4022
1464	3836
1464	3288
1464	1520
3207	4022
1464	3272
234	710
1464	936
1464	710
214	2590
2123	3244
3272	3102
1464	75
476	3272
2780	3272
2123	1464
3269	4022
2693	928
3269	1464
2104	2590
2590	1299
4023	710
1520	2590
1464	3537
3269	928
4022	710
2589	760
710	3363
745	2590
2123	3207
2590	1299
2104	710
3244	710
1464	1998
3550	710
710	2584
3615	710
3272	2780
2589	1464
1464	2899
2590	3272
1464	2791
710	676
1464	3244
1464	2589
2871	710
3207	928
710	1299
2746	710
1146	2590
2701	3272
2419	2590
2590	214
1464	1695
1464	2049
234	928
2590	1359
3508	2590
1464	2590
2478	710
2123	1451
2104	4022
2123	476
1464	2129
2715	928
710	2329
675	710
1464	2135
710	928
760	2589
2724	2590
1464	2550
1464	3773
2123	3106
2123	1087
2590	3078
710	158
710	3405
476	710
2879	710
1166	3272
710	4022
197	928
2123	877
710	2550
1464	364
1464	3273
2966	4022
1464	3283
2123	1660
1464	2374
2374	928
3269	710
3791	710
2123	928
1464	2123
710	3269
1464	928
2374	710
710	3378
3333	2590
70	710
710	2413
3272	877
1464	2345
3269	2123
2590	675
4093	4022
928	947
3078	1464
710	1451
4023	760
928	2584
1464	1483
1464	3021
710	3212
3147	710
2967	2590
1483	1464
3272	3021
1464	1146
3272	603
2590	2899
1359	2590
3272	2175
1464	3447
3272	1695
3272	3308
3272	3933
2123	3378
2590	671
877	710
1464	2211
3615	710
2374	1464
1464	1318
3272	476
710	3522
2899	710
1464	603
903	4022
2123	4022
3272	3836
928	214
710	1464
3272	3101
2223	1319
1998	4022
3078	710
2590	3261
2413	1464
710	3537
3272	2584
928	710
2123	2590
760	1464
1284	928
928	675
1464	382
3272	1998
3122	2590
2550	3272
710	3146
710	456
2590	3791
2590	1299
4023	710
51	710
1998	928
3272	3269
2590	936
928	792
3272	456
1146	1464
3272	2314
928	274
928	3021
710	877
1998	2123
455	2590
4093	710
2622	2590
928	3537
710	2590
3244	1464
3272	3273
158	710
710	2724
710	932
928	234
2791	2590
456	928
2175	2590
928	2354
4022	1835
928	1520
3272	2724
2589	710
1581	1464
936	1464
928	2374
3078	2590
710	2780
710	1998
928	2701
710	932
3272	2347
3405	3272
928	2899
710	2175
2410	2123
2879	710
710	1695
928	3122
2123	788
3948	928
2590	476
710	3021
928	603
3146	710
928	3261
710	483
1835	2590
1520	710
2123	234
2590	3146
928	4022
1581	4022
1948	1464
3272	2123
928	1286
3661	1464
1998	3272
710	3933
532	2590
3615	710
928	877
710	3207
1305	2590
760	710
928	2724
2364	2590
2590	352
2590	2419
928	4069
928	430
3272	2899
928	3791
2123	2058
3272	2058
2123	3272
710	2701
710	3274
710	1297
1464	2413
928	1591
2590	928
2123	75
2590	2622
2590	3272
928	3086
2998	2590
3363	710
928	1103
928	2550
2590	2724
3508	928
1695	928
3454	3272
710	3086
928	2135
1174	2123
2899	2590
2347	2590
928	476
3363	2590
2398	928
3272	1451
710	4023
928	2871
1451	2123
3351	2590
2590	234
928	4023
792	710
928	3272
928	3661
2550	1464
1464	2701
2550	710
425	1464
1581	2590
3615	928
603	1464
214	1464
710	788
2693	928
1146	710
3272	234
2550	710
476	928
2590	2123
745	2590
2123	710
3843	928
928	1581
675	1464
928	1464
928	932
476	710
1483	710
928	1695
928	1038
1174	928
416	928
903	710
928	2129
2590	1286
3272	3078
1464	3378
2044	710
1464	1451
4033	710
70	710
928	1998
710	584
928	382
710	1464
1573	710
3452	2445
1451	3390
4019	1448
2129	1451
2475	785
1448	785
2129	785
2129	985
985	3405
2674	2871
118	2129
92	785
3416	118
1448	118
3773	3416
1448	118
3773	118
790	2709
3638	118
2871	2809
2731	118
2871	2129
2879	2871
3405	118
2871	1011
2674	790
476	877
3377	2871
1884	3416
2374	118
1998	2129
3377	2129
3390	118
2709	2871
1451	2709
985	785
3208	790
2590	2109
3377	2129
3454	3416
2674	2871
2871	785
3280	2129
2709	790
2709	2129
2871	2709
2731	118
3208	711
3269	2129
4230	2129
3106	2129
2709	2129
3208	2129
2123	877
2674	2129
3377	2129
2590	2709
3244	2129
2709	711
2871	785
2674	2129
416	2129
2123	2724
2966	2129
711	2709
546	711
3261	2129
2674	711
877	2871
3377	2129
2674	877
2709	2129
2674	2129
2724	2129
2966	2129
2871	711
2871	2966
2871	2129
877	711
3106	2871
2879	2129
3263	877
456	2129
790	877
711	2966
3263	711
2966	877
2879	2674
877	2966
456	2709
2724	2129
2590	2129
2590	2129
877	2129
2966	711
2347	597
711	2709
2347	2129
2724	2129
1451	877
711	2129
711	3208
2590	2129
2709	877
3545	2733
3545	2443
661	285
3545	2443
4149	2443
3545	3898
4149	437
4149	352
4149	1385
1674	2443
1877	2443
2443	2733
2443	4149
2443	1542
2443	724
688	3902
942	1321
727	2483
3601	3545
2446	178
2446	3545
1317	2446
3252	2446
2446	3886
3170	2446
2446	3170
2446	3601
3488	2446
3693	3162
3693	1598
3693	1556
3693	3993
3693	2446
2446	3693
3693	3545
536	2446
3545	3252
1741	3693
2601	732
1432	3390
3973	1432
2601	688
1955	1700
1381	1432
985	2483
865	3390
1477	1432
1381	1432
1381	1432
1381	3390
3390	2601
3973	1432
1356	3390
1381	1432
1432	1381
1378	865
865	3390
2104	1381
2809	1381
1166	1381
3743	2601
1432	2322
1432	3611
2601	3390
2601	3405
865	688
2443	1381
1432	2809
2531	2601
1432	1166
1432	3390
1381	2809
1381	3390
1432	558
1432	3773
1381	3611
1381	2506
920	2104
2103	3962
2104	214
2104	2123
2103	503
2104	2347
2104	3378
2103	145
2214	2724
2104	4022
2104	3272
2103	603
2104	2588
2104	3405
2588	2104
2103	2409
2104	2347
2103	2724
2104	2588
2104	2123
2104	3272
1448	2104
2104	2590
2104	2588
2104	476
2104	1630
2123	506
2123	3611
1448	3611
1448	2322
924	506
2856	2322
2856	506
924	3611
2856	3611
156	3611
733	506
225	2322
920	689
1845	920
920	376
2475	920
920	1845
376	920
920	1491
920	2475
1252	920
2475	920
2062	3645
2313	3317
2313	455
2852	623
3258	455
3747	2345
603	717
3970	2413
3947	603
3793	603
2345	603
2413	717
2413	2336
2345	1998
751	2413
2345	750
3747	1318
3747	2345
1318	3747
2413	2430
2345	3793
2413	3021
2345	710
2675	3747
1318	3274
709	2430
1318	928
22	3747
2345	2347
3005	603
1318	3747
3747	1318
2344	1318
1421	2345
2430	2344
750	1318
3747	856
1421	1318
717	2345
2430	2674
3862	1318
3747	779
1318	2345
3747	3900
3747	1421
2344	2345
2345	3678
2430	2123
2413	3747
603	2345
2345	3747
3747	2301
39	2345
1318	603
3862	2345
1932	2345
603	3447
1464	1318
3717	3747
2413	603
603	1323
2345	2124
679	2497
2028	2418
469	3572
2534	2417
3572	3800
203	2198
2443	296
296	290
3713	2198
3713	296
296	2809
1279	296
414	1279
1986	296
2811	2076
460	296
2103	1124
1602	414
3395	1279
815	296
296	2104
2103	2809
3714	2
296	2103
113	2357
2198	296
2265	86
87	296
296	2811
3162	2809
414	296
296	414
2781	87
3323	296
2478	2781
3162	639
296	469
296	2478
2198	86
2	296
296	3395
3923	296
2775	3162
296	2781
2811	296
3325	1177
2176	296
296	87
2198	2781
2811	296
3579	2781
1225	296
1177	414
2103	1146
2103	928
3742	3302
3207	1087
2966	3102
3244	926
3791	3019
3791	3933
3791	2336
3791	603
3791	3458
3791	3026
3791	3936
3791	3661
3791	1018
2103	3791
3791	2551
3791	3508
2746	584
3791	2724
3791	4094
584	3791
3791	584
584	1464
3791	2718
3791	2409
2123	3933
1018	3791
3933	3791
2879	584
3791	2123
1018	2780
3791	1146
3791	584
584	603
1748	3791
3791	1998
584	3791
3791	3933
584	1475
584	4094
3791	584
1150	584
3933	3791
2419	3791
4094	584
584	2746
584	2419
3791	4094
3104	3021
584	488
3933	2993
1359	3791
3954	584
584	3933
584	4150
3933	3021
3933	3722
584	603
1018	1748
4094	1018
584	3791
584	2301
1018	1289
3791	603
584	2123
1018	584
584	2105
3933	3273
584	2780
4094	3791
584	3273
584	4026
1998	584
3933	2123
584	3269
3933	4094
584	2879
584	2724
2724	3791
584	1998
584	1748
584	2588
584	928
3933	1158
1359	3535
3933	1018
2347	3791
3933	2282
3933	584
584	2524
1748	584
584	1289
3357	584
1018	3791
3827	386
3827	3915
2739	1134
1880	3828
815	1880
386	1882
2741	3555
2741	386
97	3827
3828	2387
2989	2967
2989	2967
3458	3216
1788	964
528	986
2106	3707
4019	3707
2106	547
528	2970
3565	363
1912	2328
4019	2150
815	3480
1731	1912
3959	3714
1912	2983
1790	2076
528	2198
3756	978
1731	639
1023	3489
528	3707
1790	1220
4019	296
318	2611
1220	1747
2937	2106
2106	723
3436	2176
1776	978
2106	2076
1023	764
978	1731
528	1994
971	2982
911	2355
764	971
1166	528
3123	971
3489	87
1023	528
2355	1220
2611	978
4019	2106
2754	3959
2355	723
1493	978
526	296
3864	390
2611	3959
1220	3827
2995	2328
3565	4107
528	1248
3489	2328
764	2355
3489	3923
526	417
3480	522
1747	274
1747	710
1747	2590
1747	2419
1747	3791
3714	1747
1747	476
2123	3041
1190	1587
1190	3611
4118	2123
3335	352
1352	352
4116	3743
924	4118
1190	3743
2609	4118
4118	113
3743	874
2656	4131
2446	4131
3170	2443
3545	3170
2446	1741
3704	2279
1819	3704
1819	2279
